10 0
15 0
20 0
25 1
30 1
35 2
40 3
45 3
50 4
55 5
60 7
65 8
70 9
75 11
80 12
85 14
90 15
95 17
100 19
105 21
110 22
115 24
120 26
125 28
130 30
135 32
140 34
145 36
150 38
155 40
160 42
165 44
170 46
175 48
180 50
185 52
190 54
195 56
200 58
205 60
210 62
215 65
220 67
225 69
230 71
235 73
240 75
245 77
250 79
255 81
260 84
265 86
270 88
275 90
280 92
285 94
290 97
295 99
300 101
305 103
310 105
315 107
320 109
325 111
330 114
335 116
340 118
345 120
350 122
355 125
360 127
365 129
370 131
375 133
380 135
385 137
390 140
395 142
400 144
405 146
410 148
415 150
420 153
425 155
430 157
435 159
440 161
445 163
450 165
455 168
460 170
465 172
470 174
475 176
480 178
485 181
490 183
495 185
500 187
505 189
510 191
515 194
520 196
525 198
530 200
535 202
540 204
545 207
550 209
555 211
560 213
565 215
570 217
575 219
580 222
585 224
590 226
595 228
600 230
605 233
610 235
615 237
620 239
625 241
630 243
635 245
640 248
645 250
650 252
655 254
660 256
665 259
670 261
675 263
680 265
685 267
690 269
695 271
700 273
705 276
710 278
715 280
720 282
725 284
730 287
735 289
740 291
745 293
750 295
755 297
760 299
765 302
770 304
775 306
780 308
785 310
790 313
795 315
800 317
805 319
810 321
815 323
820 325
825 328
830 330
835 332
840 334
845 336
850 339
855 341
860 343
865 345
870 347
875 349
880 351
885 354
890 356
895 358
900 360
905 362
910 365
915 367
920 369
925 371
930 373
935 375
940 377
945 380
950 382
955 384
960 386
965 388
970 391
975 393
980 395
985 397
990 399
995 401
1000 404
1005 406
1010 408
1015 410
1020 412
1025 414
1030 417
1035 419
1040 421
1045 423
1050 425
1055 427
1060 430
1065 432
1070 434
1075 436
1080 438
1085 440
1090 443
1095 445
1100 447
1105 449
1110 451
1115 453
1120 456
1125 458
1130 460
1135 462
1140 464
1145 466
1150 469
1155 471
1160 473
1165 475
1170 477
1175 479
1180 481
1185 484
1190 486
1195 488
1200 490
1205 492
1210 494
1215 497
1220 499
1225 501
1230 503
1235 505
1240 507
1245 509
1250 512
1255 514
1260 516
1265 518
1270 520
1275 522
1280 525
1285 527
1290 529
1295 531
1300 533
1305 535
1310 537
1315 540
1320 542
1325 544
1330 546
1335 548
1340 551
1345 553
1350 555
1355 557
1360 559
1365 561
1370 563
1375 565
1380 568
1385 570
1390 572
1395 574
1400 577
1405 579
1410 581
1415 583
1420 585
1425 587
1430 589
1435 592
1440 594
1445 596
1450 598
1455 600
1460 603
1465 605
1470 607
1475 609
1480 611
1485 613
1490 615
1495 618
1500 620
1505 622
1510 624
1515 626
1520 629
1525 631
1530 633
1535 635
1540 637
1545 639
1550 641
1555 644
1560 646
1565 648
1570 650
1575 652
1580 654
1585 657
1590 659
1595 661
1600 663
1605 665
1610 667
1615 670
1620 672
1625 674
1630 676
1635 678
1640 681
1645 683
1650 685
1655 687
1660 689
1665 691
1670 693
1675 696
1680 698
1685 700
1690 702
1695 704
1700 707
1705 709
1710 711
1715 713
1720 715
1725 717
1730 719
1735 722
1740 724
1745 726
1750 728
1755 730
1760 733
1765 735
1770 737
1775 739
1780 741
1785 743
1790 746
1795 748
1800 750
1805 752
1810 754
1815 756
1820 759
1825 761
1830 763
1835 765
1840 767
1845 769
1850 771
1855 774
1860 776
1865 778
1870 780
1875 782
1880 785
1885 787
1890 789
1895 791
1900 793
1905 795
1910 797
1915 800
1920 802
1925 804
1930 806
1935 808
1940 810
1945 813
1950 815
1955 817
1960 819
1965 821
1970 823
1975 825
1980 828
1985 830
1990 832
1995 834
2000 836
2005 839
2010 841
2015 843
2020 845
2025 847
2030 849
2035 851
2040 853
2045 856
2050 858
2055 860
2060 862
2065 864
2070 867
2075 869
2080 871
2085 873
2090 875
2095 877
2100 879
2105 882
2110 884
2115 886
2120 888
2125 890
2130 892
2135 895
2140 897
2145 899
2150 901
2155 903
2160 905
2165 907
2170 910
2175 912
2180 914
2185 916
2190 918
2195 921
2200 923
2205 925
2210 927
2215 929
2220 931
2225 934
2230 936
2235 938
2240 940
2245 942
2250 944
2255 947
2260 949
2265 951
2270 953
2275 955
2280 957
2285 960
2290 962
2295 964
2300 966
2305 968
2310 971
2315 973
2320 975
2325 977
2330 979
2335 981
2340 983
2345 986
2350 988
2355 990
2360 992
2365 994
2370 997
2375 999
2380 1001
2385 1003
2390 1005
2395 1007
2400 1009
2405 1012
2410 1014
2415 1016
2420 1018
2425 1020
2430 1023
2435 1025
2440 1027
2445 1029
2450 1031
2455 1033
2460 1035
2465 1038
2470 1040
2475 1042
2480 1044
2485 1046
2490 1049
2495 1051
2500 1053
2505 1055
2510 1057
2515 1059
2520 1061
2525 1063
2530 1066
2535 1068
2540 1070
2545 1072
2550 1075
2555 1077
2560 1079
2565 1081
2570 1083
2575 1085
2580 1087
2585 1090
2590 1092
2595 1094
2600 1096
2605 1098
2610 1101
2615 1103
2620 1105
2625 1107
2630 1109
2635 1111
2640 1113
2645 1116
2650 1118
2655 1120
2660 1122
2665 1124
2670 1127
2675 1129
2680 1131
2685 1133
2690 1135
2695 1137
2700 1139
2705 1142
2710 1144
2715 1146
2720 1148
2725 1150
2730 1153
2735 1155
2740 1157
2745 1159
2750 1161
2755 1163
2760 1165
2765 1168
2770 1170
2775 1172
2780 1174
2785 1176
2790 1178
2795 1181
2800 1183
2805 1185
2810 1187
2815 1189
2820 1191
2825 1193
2830 1196
2835 1198
2840 1200
2845 1202
2850 1204
2855 1207
2860 1209
2865 1211
2870 1213
2875 1215
2880 1217
2885 1219
2890 1222
2895 1224
2900 1226
2905 1228
2910 1230
2915 1232
2920 1235
2925 1237
2930 1239
2935 1241
2940 1243
2945 1245
2950 1247
2955 1250
2960 1252
2965 1254
2970 1256
2975 1258
2980 1261
2985 1263
2990 1265
2995 1267
3000 1269
3005 1271
3010 1273
3015 1276
3020 1278
3025 1280
3030 1282
3035 1284
3040 1287
3045 1289
3050 1291
3055 1293
3060 1295
3065 1297
3070 1299
3075 1302
3080 1304
3085 1306
3090 1308
3095 1310
3100 1313
3105 1315
3110 1317
3115 1319
3120 1321
3125 1323
3130 1325
3135 1328
3140 1330
3145 1332
3150 1334
3155 1336
3160 1339
3165 1341
3170 1343
3175 1345
3180 1347
3185 1349
3190 1351
3195 1354
3200 1356
3205 1358
3210 1360
3215 1362
3220 1365
3225 1367
3230 1369
3235 1371
3240 1373
3245 1375
3250 1377
3255 1379
3260 1382
3265 1384
3270 1386
3275 1388
3280 1391
3285 1393
3290 1395
3295 1397
3300 1399
3305 1401
3310 1403
3315 1405
3320 1408
3325 1410
3330 1412
3335 1414
3340 1416
3345 1419
3350 1421
3355 1423
3360 1425
3365 1427
3370 1429
3375 1431
3380 1434
3385 1436
3390 1438
3395 1440
3400 1442
3405 1445
3410 1447
3415 1449
3420 1451
3425 1453
3430 1455
3435 1457
3440 1460
3445 1462
3450 1464
3455 1466
3460 1468
3465 1471
3470 1473
3475 1475
3480 1477
3485 1479
3490 1481
3495 1484
