10 0
15 0
20 0
25 0
30 1
35 1
40 2
45 3
50 4
55 5
60 6
65 7
70 9
75 10
80 12
85 13
90 15
95 16
100 18
105 20
110 22
115 24
120 25
125 27
130 29
135 31
140 33
145 35
150 37
155 39
160 41
165 43
170 45
175 47
180 49
185 51
190 53
195 55
200 57
205 59
210 61
215 63
220 66
225 68
230 70
235 72
240 74
245 76
250 78
255 80
260 82
265 85
270 87
275 89
280 91
285 93
290 95
295 97
300 100
305 102
310 104
315 106
320 108
325 110
330 112
335 114
340 117
345 119
350 121
355 123
360 125
365 127
370 130
375 132
380 134
385 136
390 138
395 140
400 142
405 145
410 147
415 149
420 151
425 153
430 155
435 158
440 160
445 162
450 164
455 166
460 168
465 170
470 173
475 175
480 177
485 179
490 181
495 183
500 185
505 188
510 190
515 192
520 194
525 196
530 198
535 200
540 203
545 205
550 207
555 209
560 211
565 213
570 216
575 218
580 220
585 222
590 224
595 226
600 228
605 230
610 233
615 235
620 237
625 239
630 241
635 243
640 246
645 248
650 250
655 252
660 254
665 256
670 258
675 260
680 263
685 265
690 267
695 269
700 271
705 273
710 276
715 278
720 280
725 282
730 284
735 286
740 288
745 290
750 293
755 295
760 297
765 299
770 301
775 303
780 306
785 308
790 310
795 312
800 314
805 316
810 318
815 320
820 323
825 325
830 327
835 329
840 331
845 334
850 336
855 338
860 340
865 342
870 344
875 346
880 348
885 351
890 353
895 355
900 357
905 359
910 361
915 363
920 366
925 368
930 370
935 372
940 374
945 376
950 378
955 381
960 383
965 385
970 387
975 389
980 391
985 393
990 396
995 398
1000 400
1005 402
1010 404
1015 406
1020 408
1025 411
1030 413
1035 415
1040 417
1045 419
1050 421
1055 423
1060 426
1065 428
1070 430
1075 432
1080 434
1085 436
1090 438
1095 441
1100 443
1105 445
1110 447
1115 449
1120 451
1125 454
1130 456
1135 458
1140 460
1145 462
1150 464
1155 466
1160 468
1165 471
1170 473
1175 475
1180 477
1185 479
1190 482
1195 484
1200 486
1205 488
1210 490
1215 492
1220 494
1225 496
1230 499
1235 501
1240 503
1245 505
1250 507
1255 509
1260 512
1265 514
1270 516
1275 518
1280 520
1285 522
1290 524
1295 527
1300 529
1305 531
1310 533
1315 535
1320 537
1325 539
1330 542
1335 544
1340 546
1345 548
1350 550
1355 552
1360 554
1365 557
1370 559
1375 561
1380 563
1385 565
1390 567
1395 569
1400 572
1405 574
1410 576
1415 578
1420 580
1425 582
1430 584
1435 587
1440 589
1445 591
1450 593
1455 595
1460 597
1465 600
1470 602
1475 604
1480 606
1485 608
1490 610
1495 612
1500 614
1505 617
1510 619
1515 621
1520 623
1525 625
1530 627
1535 630
1540 632
1545 634
1550 636
1555 638
1560 640
1565 642
1570 645
1575 647
1580 649
1585 651
1590 653
1595 655
1600 658
1605 660
1610 662
1615 664
1620 666
1625 668
1630 670
1635 673
1640 675
1645 677
1650 679
1655 681
1660 683
1665 685
1670 688
1675 690
1680 692
1685 694
1690 696
1695 698
1700 700
1705 703
1710 705
1715 707
1720 709
1725 711
1730 713
1735 716
1740 718
1745 720
1750 722
1755 724
1760 726
1765 728
1770 730
1775 733
1780 735
1785 737
1790 739
1795 741
1800 744
1805 746
1810 748
1815 750
1820 752
1825 754
1830 756
1835 758
1840 761
1845 763
1850 765
1855 767
1860 769
1865 771
1870 773
1875 776
1880 778
1885 780
1890 782
1895 784
1900 786
1905 788
1910 791
1915 793
1920 795
1925 797
1930 799
1935 801
1940 803
1945 806
1950 808
1955 810
1960 812
1965 814
1970 816
1975 818
1980 820
1985 823
1990 825
1995 827
2000 829
2005 831
2010 833
2015 836
2020 838
2025 840
2030 842
2035 844
2040 846
2045 848
2050 850
2055 853
2060 855
2065 857
2070 859
2075 861
2080 863
2085 866
2090 868
2095 870
2100 872
2105 874
2110 876
2115 878
2120 881
2125 883
2130 885
2135 887
2140 889
2145 891
2150 894
2155 896
2160 898
2165 900
2170 902
2175 904
2180 906
2185 909
2190 911
2195 913
2200 915
2205 917
2210 919
2215 921
2220 924
2225 926
2230 928
2235 930
2240 932
2245 934
2250 936
2255 939
2260 941
2265 943
2270 945
2275 947
2280 949
2285 952
2290 954
2295 956
2300 958
2305 960
2310 962
2315 964
2320 966
2325 969
2330 971
2335 973
2340 975
2345 977
2350 980
2355 982
2360 984
2365 986
2370 988
2375 990
2380 992
2385 994
2390 997
2395 999
2400 1001
2405 1003
2410 1005
2415 1007
2420 1010
2425 1012
2430 1014
2435 1016
2440 1018
2445 1020
2450 1022
2455 1024
2460 1027
2465 1029
2470 1031
2475 1033
2480 1035
2485 1037
2490 1040
2495 1042
2500 1044
2505 1046
2510 1048
2515 1050
2520 1052
2525 1055
2530 1057
2535 1059
2540 1061
2545 1063
2550 1065
2555 1067
2560 1070
2565 1072
2570 1074
2575 1076
2580 1078
2585 1080
2590 1082
2595 1084
2600 1087
2605 1089
2610 1091
2615 1093
2620 1095
2625 1097
2630 1099
2635 1102
2640 1104
2645 1106
2650 1108
2655 1110
2660 1112
2665 1114
2670 1116
2675 1119
2680 1121
2685 1123
2690 1125
2695 1127
2700 1129
2705 1131
2710 1134
2715 1136
2720 1138
2725 1140
2730 1142
2735 1144
2740 1146
2745 1149
2750 1151
2755 1153
2760 1155
2765 1157
2770 1159
2775 1161
2780 1164
2785 1166
2790 1168
2795 1170
2800 1172
2805 1174
2810 1176
2815 1179
2820 1181
2825 1183
2830 1185
2835 1187
2840 1189
2845 1192
2850 1194
2855 1196
2860 1198
2865 1200
2870 1202
2875 1204
2880 1207
2885 1209
2890 1211
2895 1213
2900 1215
2905 1217
2910 1220
2915 1222
2920 1224
2925 1226
2930 1228
2935 1230
2940 1232
2945 1234
2950 1237
2955 1239
2960 1241
2965 1243
2970 1245
2975 1248
2980 1250
2985 1252
2990 1254
2995 1256
3000 1258
3005 1260
3010 1262
3015 1265
3020 1267
3025 1269
3030 1271
3035 1273
3040 1275
3045 1278
3050 1280
3055 1282
3060 1284
3065 1286
3070 1288
3075 1290
3080 1292
3085 1295
3090 1297
3095 1299
3100 1301
3105 1303
3110 1305
3115 1308
3120 1310
3125 1312
3130 1314
3135 1316
3140 1318
3145 1320
3150 1323
3155 1325
3160 1327
3165 1329
3170 1331
3175 1333
3180 1336
3185 1338
3190 1340
3195 1342
3200 1344
3205 1346
3210 1348
3215 1350
3220 1353
3225 1355
3230 1357
3235 1359
3240 1361
3245 1363
3250 1366
3255 1368
3260 1370
3265 1372
3270 1374
3275 1376
3280 1378
3285 1380
3290 1383
3295 1385
3300 1387
3305 1389
3310 1391
3315 1393
3320 1396
3325 1398
3330 1400
3335 1402
3340 1404
3345 1406
3350 1408
3355 1411
3360 1413
3365 1415
3370 1417
3375 1419
3380 1421
3385 1423
3390 1426
3395 1428
3400 1430
3405 1432
3410 1434
3415 1436
3420 1438
3425 1441
3430 1443
3435 1445
3440 1447
3445 1449
3450 1451
3455 1454
3460 1456
3465 1458
3470 1460
3475 1462
3480 1464
3485 1466
3490 1468
3495 1471
