10 0
15 0
20 0
25 0
30 1
35 2
40 2
45 3
50 4
55 5
60 7
65 8
70 9
75 11
80 12
85 14
90 15
95 17
100 19
105 20
110 22
115 24
120 26
125 28
130 30
135 31
140 33
145 35
150 37
155 39
160 41
165 43
170 45
175 47
180 50
185 52
190 54
195 56
200 58
205 60
210 62
215 64
220 66
225 68
230 71
235 73
240 75
245 77
250 79
255 81
260 83
265 85
270 87
275 90
280 92
285 94
290 96
295 98
300 100
305 102
310 105
315 107
320 109
325 111
330 113
335 115
340 117
345 120
350 122
355 124
360 126
365 128
370 130
375 133
380 135
385 137
390 139
395 141
400 143
405 145
410 148
415 150
420 152
425 154
430 156
435 158
440 161
445 163
450 165
455 167
460 169
465 171
470 173
475 175
480 178
485 180
490 182
495 184
500 186
505 189
510 191
515 193
520 195
525 197
530 199
535 201
540 203
545 206
550 208
555 210
560 212
565 214
570 216
575 219
580 221
585 223
590 225
595 227
600 229
605 231
610 234
615 236
620 238
625 240
630 242
635 244
640 246
645 249
650 251
655 253
660 255
665 257
670 259
675 261
680 264
685 266
690 268
695 270
700 272
705 274
710 276
715 279
720 281
725 283
730 285
735 287
740 289
745 291
750 293
755 296
760 298
765 300
770 302
775 304
780 306
785 309
790 311
795 313
800 315
805 317
810 319
815 321
820 323
825 326
830 328
835 330
840 332
845 334
850 336
855 339
860 341
865 343
870 345
875 347
880 349
885 351
890 354
895 356
900 358
905 360
910 362
915 364
920 366
925 369
930 371
935 373
940 375
945 377
950 379
955 382
960 384
965 386
970 388
975 390
980 392
985 394
990 397
995 399
1000 401
1005 403
1010 405
1015 407
1020 409
1025 412
1030 414
1035 416
1040 418
1045 420
1050 422
1055 425
1060 427
1065 429
1070 431
1075 433
1080 435
1085 437
1090 439
1095 442
1100 444
1105 446
1110 448
1115 450
1120 452
1125 455
1130 457
1135 459
1140 461
1145 463
1150 465
1155 467
1160 470
1165 472
1170 474
1175 476
1180 478
1185 480
1190 482
1195 485
1200 487
1205 489
1210 491
1215 493
1220 495
1225 497
1230 500
1235 502
1240 504
1245 506
1250 508
1255 510
1260 513
1265 515
1270 517
1275 519
1280 521
1285 523
1290 525
1295 527
1300 530
1305 532
1310 534
1315 536
1320 538
1325 540
1330 543
1335 545
1340 547
1345 549
1350 551
1355 553
1360 555
1365 557
1370 560
1375 562
1380 564
1385 566
1390 568
1395 571
1400 573
1405 575
1410 577
1415 579
1420 581
1425 583
1430 585
1435 588
1440 590
1445 592
1450 594
1455 596
1460 598
1465 601
1470 603
1475 605
1480 607
1485 609
1490 611
1495 613
1500 615
1505 618
1510 620
1515 622
1520 624
1525 626
1530 628
1535 631
1540 633
1545 635
1550 637
1555 639
1560 641
1565 643
1570 646
1575 648
1580 650
1585 652
1590 654
1595 656
1600 658
1605 661
1610 663
1615 665
1620 667
1625 669
1630 671
1635 673
1640 676
1645 678
1650 680
1655 682
1660 684
1665 686
1670 689
1675 691
1680 693
1685 695
1690 697
1695 699
1700 701
1705 703
1710 706
1715 708
1720 710
1725 712
1730 714
1735 716
1740 719
1745 721
1750 723
1755 725
1760 727
1765 729
1770 731
1775 733
1780 736
1785 738
1790 740
1795 742
1800 744
1805 746
1810 749
1815 751
1820 753
1825 755
1830 757
1835 759
1840 761
1845 764
1850 766
1855 768
1860 770
1865 772
1870 774
1875 776
1880 779
1885 781
1890 783
1895 785
1900 787
1905 789
1910 791
1915 794
1920 796
1925 798
1930 800
1935 802
1940 804
1945 807
1950 809
1955 811
1960 813
1965 815
1970 817
1975 819
1980 821
1985 824
1990 826
1995 828
2000 830
2005 832
2010 835
2015 837
2020 839
2025 841
2030 843
2035 845
2040 847
2045 849
2050 852
2055 854
2060 856
2065 858
2070 860
2075 862
2080 865
2085 867
2090 869
2095 871
2100 873
2105 875
2110 877
2115 879
2120 882
2125 884
2130 886
2135 888
2140 890
2145 892
2150 895
2155 897
2160 899
2165 901
2170 903
2175 905
2180 907
2185 910
2190 912
2195 914
2200 916
2205 918
2210 920
2215 922
2220 925
2225 927
2230 929
2235 931
2240 933
2245 935
2250 937
2255 940
2260 942
2265 944
2270 946
2275 948
2280 950
2285 953
2290 955
2295 957
2300 959
2305 961
2310 963
2315 965
2320 967
2325 970
2330 972
2335 974
2340 976
2345 978
2350 981
2355 983
2360 985
2365 987
2370 989
2375 991
2380 993
2385 995
2390 998
2395 1000
2400 1002
2405 1004
2410 1006
2415 1008
2420 1011
2425 1013
2430 1015
2435 1017
2440 1019
2445 1021
2450 1023
2455 1025
2460 1028
2465 1030
2470 1032
2475 1034
2480 1036
2485 1038
2490 1041
2495 1043
2500 1045
2505 1047
2510 1049
2515 1051
2520 1053
2525 1055
2530 1058
2535 1060
2540 1062
2545 1064
2550 1066
2555 1068
2560 1071
2565 1073
2570 1075
2575 1077
2580 1079
2585 1081
2590 1083
2595 1085
2600 1088
2605 1090
2610 1092
2615 1094
2620 1096
2625 1098
2630 1101
2635 1103
2640 1105
2645 1107
2650 1109
2655 1111
2660 1113
2665 1115
2670 1118
2675 1120
2680 1122
2685 1124
2690 1126
2695 1128
2700 1131
2705 1133
2710 1135
2715 1137
2720 1139
2725 1141
2730 1143
2735 1146
2740 1148
2745 1150
2750 1152
2755 1154
2760 1156
2765 1158
2770 1161
2775 1163
2780 1165
2785 1167
2790 1169
2795 1171
2800 1173
2805 1176
2810 1178
2815 1180
2820 1182
2825 1184
2830 1186
2835 1189
2840 1191
2845 1193
2850 1195
2855 1197
2860 1199
2865 1201
2870 1204
2875 1206
2880 1208
2885 1210
2890 1212
2895 1214
2900 1217
2905 1219
2910 1221
2915 1223
2920 1225
2925 1227
2930 1229
2935 1232
2940 1234
2945 1236
2950 1238
2955 1240
2960 1242
2965 1245
2970 1247
2975 1249
2980 1251
2985 1253
2990 1255
2995 1257
3000 1260
3005 1262
3010 1264
3015 1266
3020 1268
3025 1270
3030 1273
3035 1275
3040 1277
3045 1279
3050 1281
3055 1283
3060 1285
3065 1288
3070 1290
3075 1292
3080 1294
3085 1296
3090 1298
3095 1300
3100 1303
3105 1305
3110 1307
3115 1309
3120 1311
3125 1313
3130 1315
3135 1318
3140 1320
3145 1322
3150 1324
3155 1326
3160 1328
3165 1330
3170 1333
3175 1335
3180 1337
3185 1339
3190 1341
3195 1343
3200 1345
3205 1348
3210 1350
3215 1352
3220 1354
3225 1356
3230 1358
3235 1361
3240 1363
3245 1365
3250 1367
3255 1369
3260 1371
3265 1373
3270 1375
3275 1378
3280 1380
3285 1382
3290 1384
3295 1386
3300 1388
3305 1391
3310 1393
3315 1395
3320 1397
3325 1399
3330 1401
3335 1403
3340 1405
3345 1407
3350 1410
3355 1412
3360 1414
3365 1416
3370 1418
3375 1420
3380 1423
3385 1425
3390 1427
3395 1429
3400 1431
3405 1433
3410 1435
3415 1437
3420 1440
3425 1442
3430 1444
3435 1446
3440 1448
3445 1450
3450 1453
3455 1455
3460 1457
3465 1459
3470 1461
3475 1463
3480 1465
3485 1468
3490 1470
3495 1472
