10 0
15 0
20 0
25 0
30 1
35 2
40 2
45 3
50 4
55 5
60 7
65 8
70 9
75 11
80 12
85 14
90 15
95 17
100 19
105 21
110 22
115 24
120 26
125 28
130 30
135 32
140 34
145 36
150 38
155 40
160 42
165 44
170 46
175 48
180 50
185 52
190 54
195 56
200 58
205 60
210 63
215 65
220 67
225 69
230 71
235 73
240 75
245 77
250 79
255 81
260 84
265 86
270 88
275 90
280 92
285 94
290 97
295 99
300 101
305 103
310 105
315 107
320 109
325 111
330 114
335 116
340 118
345 120
350 122
355 124
360 127
365 129
370 131
375 133
380 135
385 137
390 139
395 142
400 144
405 146
410 148
415 150
420 152
425 154
430 157
435 159
440 161
445 163
450 165
455 167
460 169
465 172
470 174
475 176
480 178
485 180
490 182
495 185
500 187
505 189
510 191
515 193
520 195
525 197
530 199
535 202
540 204
545 206
550 208
555 210
560 213
565 215
570 217
575 219
580 221
585 223
590 225
595 227
600 230
605 232
610 234
615 236
620 238
625 240
630 243
635 245
640 247
645 249
650 251
655 253
660 255
665 257
670 260
675 262
680 264
685 266
690 268
695 270
700 273
705 275
710 277
715 279
720 281
725 283
730 285
735 288
740 290
745 292
750 294
755 296
760 298
765 300
770 303
775 305
780 307
785 309
790 311
795 313
800 315
805 318
810 320
815 322
820 324
825 326
830 328
835 331
840 333
845 335
850 337
855 339
860 341
865 343
870 345
875 348
880 350
885 352
890 354
895 356
900 358
905 361
910 363
915 365
920 367
925 369
930 371
935 373
940 376
945 378
950 380
955 382
960 384
965 386
970 389
975 391
980 393
985 395
990 397
995 399
1000 401
1005 404
1010 406
1015 408
1020 410
1025 412
1030 414
1035 417
1040 419
1045 421
1050 423
1055 425
1060 427
1065 429
1070 432
1075 434
1080 436
1085 438
1090 440
1095 442
1100 445
1105 447
1110 449
1115 451
1120 453
1125 455
1130 457
1135 460
1140 462
1145 464
1150 466
1155 468
1160 470
1165 473
1170 475
1175 477
1180 479
1185 481
1190 483
1195 485
1200 487
1205 490
1210 492
1215 494
1220 496
1225 498
1230 500
1235 503
1240 505
1245 507
1250 509
1255 511
1260 513
1265 515
1270 517
1275 520
1280 522
1285 524
1290 526
1295 528
1300 530
1305 533
1310 535
1315 537
1320 539
1325 541
1330 543
1335 545
1340 548
1345 550
1350 552
1355 554
1360 556
1365 558
1370 560
1375 563
1380 565
1385 567
1390 569
1395 571
1400 573
1405 575
1410 578
1415 580
1420 582
1425 584
1430 586
1435 588
1440 591
1445 593
1450 595
1455 597
1460 599
1465 601
1470 603
1475 606
1480 608
1485 610
1490 612
1495 614
1500 616
1505 619
1510 621
1515 623
1520 625
1525 627
1530 629
1535 631
1540 634
1545 636
1550 638
1555 640
1560 642
1565 644
1570 647
1575 649
1580 651
1585 653
1590 655
1595 657
1600 659
1605 661
1610 664
1615 666
1620 668
1625 670
1630 672
1635 674
1640 677
1645 679
1650 681
1655 683
1660 685
1665 687
1670 689
1675 692
1680 694
1685 696
1690 698
1695 700
1700 702
1705 705
1710 707
1715 709
1720 711
1725 713
1730 715
1735 717
1740 719
1745 722
1750 724
1755 726
1760 728
1765 730
1770 732
1775 735
1780 737
1785 739
1790 741
1795 743
1800 745
1805 747
1810 749
1815 752
1820 754
1825 756
1830 758
1835 760
1840 763
1845 765
1850 767
1855 769
1860 771
1865 773
1870 775
1875 777
1880 780
1885 782
1890 784
1895 786
1900 788
1905 790
1910 793
1915 795
1920 797
1925 799
1930 801
1935 803
1940 805
1945 807
1950 810
1955 812
1960 814
1965 816
1970 818
1975 820
1980 823
1985 825
1990 827
1995 829
2000 831
2005 833
2010 835
2015 838
2020 840
2025 842
2030 844
2035 846
2040 848
2045 850
2050 853
2055 855
2060 857
2065 859
2070 861
2075 863
2080 865
2085 868
2090 870
2095 872
2100 874
2105 876
2110 878
2115 881
2120 883
2125 885
2130 887
2135 889
2140 891
2145 893
2150 896
2155 898
2160 900
2165 902
2170 904
2175 906
2180 909
2185 911
2190 913
2195 915
2200 917
2205 919
2210 921
2215 924
2220 926
2225 928
2230 930
2235 932
2240 934
2245 937
2250 939
2255 941
2260 943
2265 945
2270 947
2275 949
2280 952
2285 954
2290 956
2295 958
2300 960
2305 962
2310 965
2315 967
2320 969
2325 971
2330 973
2335 975
2340 977
2345 980
2350 982
2355 984
2360 986
2365 988
2370 990
2375 993
2380 995
2385 997
2390 999
2395 1001
2400 1003
2405 1005
2410 1008
2415 1010
2420 1012
2425 1014
2430 1016
2435 1018
2440 1020
2445 1023
2450 1025
2455 1027
2460 1029
2465 1031
2470 1033
2475 1035
2480 1037
2485 1040
2490 1042
2495 1044
2500 1046
2505 1048
2510 1050
2515 1053
2520 1055
2525 1057
2530 1059
2535 1061
2540 1063
2545 1065
2550 1067
2555 1070
2560 1072
2565 1074
2570 1076
2575 1078
2580 1080
2585 1083
2590 1085
2595 1087
2600 1089
2605 1091
2610 1093
2615 1095
2620 1098
2625 1100
2630 1102
2635 1104
2640 1106
2645 1108
2650 1110
2655 1113
2660 1115
2665 1117
2670 1119
2675 1121
2680 1123
2685 1125
2690 1128
2695 1130
2700 1132
2705 1134
2710 1136
2715 1138
2720 1141
2725 1143
2730 1145
2735 1147
2740 1149
2745 1151
2750 1153
2755 1156
2760 1158
2765 1160
2770 1162
2775 1164
2780 1167
2785 1169
2790 1171
2795 1173
2800 1175
2805 1177
2810 1179
2815 1181
2820 1184
2825 1186
2830 1188
2835 1190
2840 1192
2845 1195
2850 1197
2855 1199
2860 1201
2865 1203
2870 1205
2875 1207
2880 1209
2885 1212
2890 1214
2895 1216
2900 1218
2905 1220
2910 1223
2915 1225
2920 1227
2925 1229
2930 1231
2935 1233
2940 1235
2945 1237
2950 1240
2955 1242
2960 1244
2965 1246
2970 1248
2975 1250
2980 1253
2985 1255
2990 1257
2995 1259
3000 1261
3005 1263
3010 1265
3015 1268
3020 1270
3025 1272
3030 1274
3035 1276
3040 1278
3045 1280
3050 1283
3055 1285
3060 1287
3065 1289
3070 1291
3075 1293
3080 1295
3085 1298
3090 1300
3095 1302
3100 1304
3105 1306
3110 1308
3115 1311
3120 1313
3125 1315
3130 1317
3135 1319
3140 1321
3145 1323
3150 1325
3155 1328
3160 1330
3165 1332
3170 1334
3175 1336
3180 1339
3185 1341
3190 1343
3195 1345
3200 1347
3205 1349
3210 1351
3215 1353
3220 1356
3225 1358
3230 1360
3235 1362
3240 1364
3245 1366
3250 1368
3255 1371
3260 1373
3265 1375
3270 1377
3275 1379
3280 1381
3285 1383
3290 1386
3295 1388
3300 1390
3305 1392
3310 1394
3315 1396
3320 1398
3325 1401
3330 1403
3335 1405
3340 1407
3345 1409
3350 1411
3355 1413
3360 1416
3365 1418
3370 1420
3375 1422
3380 1424
3385 1426
3390 1428
3395 1431
3400 1433
3405 1435
3410 1437
3415 1439
3420 1441
3425 1443
3430 1446
3435 1448
3440 1450
3445 1452
3450 1454
3455 1456
3460 1459
3465 1461
3470 1463
3475 1465
3480 1467
3485 1469
3490 1471
3495 1474
