10 0
15 0
20 0
25 1
30 1
35 2
40 2
45 3
50 4
55 5
60 7
65 8
70 9
75 11
80 12
85 13
90 15
95 17
100 19
105 20
110 22
115 24
120 26
125 28
130 29
135 31
140 33
145 35
150 37
155 39
160 41
165 43
170 45
175 47
180 49
185 51
190 53
195 56
200 58
205 60
210 62
215 64
220 66
225 68
230 70
235 72
240 75
245 77
250 79
255 81
260 83
265 85
270 87
275 89
280 91
285 94
290 96
295 98
300 100
305 102
310 104
315 106
320 109
325 111
330 113
335 115
340 117
345 119
350 121
355 124
360 126
365 128
370 130
375 132
380 134
385 137
390 139
395 141
400 143
405 145
410 147
415 149
420 152
425 154
430 156
435 158
440 160
445 162
450 164
455 167
460 169
465 171
470 173
475 175
480 177
485 179
490 181
495 184
500 186
505 188
510 190
515 192
520 195
525 197
530 199
535 201
540 203
545 205
550 207
555 209
560 212
565 214
570 216
575 218
580 220
585 222
590 224
595 227
600 229
605 231
610 233
615 235
620 237
625 239
630 242
635 244
640 246
645 248
650 250
655 252
660 254
665 257
670 259
675 261
680 263
685 265
690 267
695 269
700 271
705 274
710 276
715 278
720 280
725 282
730 284
735 287
740 289
745 291
750 293
755 295
760 297
765 299
770 301
775 304
780 306
785 308
790 310
795 312
800 314
805 317
810 319
815 321
820 323
825 325
830 327
835 329
840 332
845 334
850 336
855 338
860 340
865 342
870 344
875 347
880 349
885 351
890 353
895 355
900 357
905 359
910 362
915 364
920 366
925 368
930 370
935 372
940 375
945 377
950 379
955 381
960 383
965 385
970 387
975 390
980 392
985 394
990 396
995 398
1000 400
1005 403
1010 405
1015 407
1020 409
1025 411
1030 413
1035 415
1040 417
1045 420
1050 422
1055 424
1060 426
1065 428
1070 430
1075 433
1080 435
1085 437
1090 439
1095 441
1100 443
1105 445
1110 448
1115 450
1120 452
1125 454
1130 456
1135 458
1140 461
1145 463
1150 465
1155 467
1160 469
1165 471
1170 473
1175 475
1180 478
1185 480
1190 482
1195 484
1200 486
1205 488
1210 490
1215 493
1220 495
1225 497
1230 499
1235 501
1240 503
1245 505
1250 508
1255 510
1260 512
1265 514
1270 516
1275 518
1280 521
1285 523
1290 525
1295 527
1300 529
1305 531
1310 533
1315 535
1320 538
1325 540
1330 542
1335 544
1340 546
1345 548
1350 551
1355 553
1360 555
1365 557
1370 559
1375 561
1380 563
1385 565
1390 568
1395 570
1400 572
1405 574
1410 576
1415 579
1420 581
1425 583
1430 585
1435 587
1440 589
1445 591
1450 593
1455 596
1460 598
1465 600
1470 602
1475 604
1480 606
1485 608
1490 611
1495 613
1500 615
1505 617
1510 619
1515 621
1520 623
1525 626
1530 628
1535 630
1540 632
1545 634
1550 636
1555 638
1560 641
1565 643
1570 645
1575 647
1580 649
1585 651
1590 653
1595 656
1600 658
1605 660
1610 662
1615 664
1620 666
1625 669
1630 671
1635 673
1640 675
1645 677
1650 679
1655 681
1660 683
1665 686
1670 688
1675 690
1680 692
1685 694
1690 696
1695 699
1700 701
1705 703
1710 705
1715 707
1720 709
1725 711
1730 713
1735 716
1740 718
1745 720
1750 722
1755 724
1760 726
1765 729
1770 731
1775 733
1780 735
1785 737
1790 739
1795 741
1800 744
1805 746
1810 748
1815 750
1820 752
1825 754
1830 756
1835 759
1840 761
1845 763
1850 765
1855 767
1860 769
1865 771
1870 774
1875 776
1880 778
1885 780
1890 782
1895 784
1900 787
1905 789
1910 791
1915 793
1920 795
1925 797
1930 799
1935 801
1940 804
1945 806
1950 808
1955 810
1960 812
1965 815
1970 817
1975 819
1980 821
1985 823
1990 825
1995 827
2000 829
2005 832
2010 834
2015 836
2020 838
2025 840
2030 842
2035 845
2040 847
2045 849
2050 851
2055 853
2060 855
2065 857
2070 859
2075 862
2080 864
2085 866
2090 868
2095 870
2100 872
2105 875
2110 877
2115 879
2120 881
2125 883
2130 885
2135 887
2140 890
2145 892
2150 894
2155 896
2160 898
2165 900
2170 902
2175 905
2180 907
2185 909
2190 911
2195 913
2200 915
2205 917
2210 920
2215 922
2220 924
2225 926
2230 928
2235 930
2240 933
2245 935
2250 937
2255 939
2260 941
2265 943
2270 945
2275 948
2280 950
2285 952
2290 954
2295 956
2300 958
2305 961
2310 963
2315 965
2320 967
2325 969
2330 971
2335 973
2340 975
2345 978
2350 980
2355 982
2360 984
2365 986
2370 988
2375 991
2380 993
2385 995
2390 997
2395 999
2400 1001
2405 1003
2410 1005
2415 1008
2420 1010
2425 1012
2430 1014
2435 1016
2440 1018
2445 1020
2450 1023
2455 1025
2460 1027
2465 1029
2470 1031
2475 1033
2480 1035
2485 1038
2490 1040
2495 1042
2500 1044
2505 1046
2510 1048
2515 1051
2520 1053
2525 1055
2530 1057
2535 1059
2540 1061
2545 1063
2550 1065
2555 1068
2560 1070
2565 1072
2570 1074
2575 1076
2580 1078
2585 1081
2590 1083
2595 1085
2600 1087
2605 1089
2610 1091
2615 1093
2620 1095
2625 1098
2630 1100
2635 1102
2640 1104
2645 1106
2650 1108
2655 1111
2660 1113
2665 1115
2670 1117
2675 1119
2680 1121
2685 1123
2690 1126
2695 1128
2700 1130
2705 1132
2710 1134
2715 1136
2720 1138
2725 1141
2730 1143
2735 1145
2740 1147
2745 1149
2750 1151
2755 1153
2760 1156
2765 1158
2770 1160
2775 1162
2780 1164
2785 1166
2790 1169
2795 1171
2800 1173
2805 1175
2810 1177
2815 1179
2820 1181
2825 1183
2830 1186
2835 1188
2840 1190
2845 1192
2850 1194
2855 1196
2860 1199
2865 1201
2870 1203
2875 1205
2880 1207
2885 1209
2890 1211
2895 1213
2900 1216
2905 1218
2910 1220
2915 1222
2920 1224
2925 1227
2930 1229
2935 1231
2940 1233
2945 1235
2950 1237
2955 1239
2960 1241
2965 1244
2970 1246
2975 1248
2980 1250
2985 1252
2990 1254
2995 1257
3000 1259
3005 1261
3010 1263
3015 1265
3020 1267
3025 1269
3030 1271
3035 1274
3040 1276
3045 1278
3050 1280
3055 1282
3060 1284
3065 1287
3070 1289
3075 1291
3080 1293
3085 1295
3090 1297
3095 1299
3100 1302
3105 1304
3110 1306
3115 1308
3120 1310
3125 1312
3130 1314
3135 1317
3140 1319
3145 1321
3150 1323
3155 1325
3160 1327
3165 1329
3170 1331
3175 1334
3180 1336
3185 1338
3190 1340
3195 1342
3200 1344
3205 1347
3210 1349
3215 1351
3220 1353
3225 1355
3230 1357
3235 1359
3240 1361
3245 1364
3250 1366
3255 1368
3260 1370
3265 1372
3270 1374
3275 1377
3280 1379
3285 1381
3290 1383
3295 1385
3300 1387
3305 1389
3310 1392
3315 1394
3320 1396
3325 1398
3330 1400
3335 1402
3340 1404
3345 1407
3350 1409
3355 1411
3360 1413
3365 1415
3370 1417
3375 1420
3380 1422
3385 1424
3390 1426
3395 1428
3400 1430
3405 1432
3410 1435
3415 1437
3420 1439
3425 1441
3430 1443
3435 1445
3440 1447
3445 1449
3450 1452
3455 1454
3460 1456
3465 1458
3470 1460
3475 1462
3480 1465
3485 1467
3490 1469
3495 1471
