10 0
10 0
10 -1
15 0
15 0
15 -1
20 0
20 0
20 -1
25 1
25 0
25 -1
30 1
30 0
30 -1
35 2
35 1
35 -1
40 2
40 2
40 -1
45 3
45 2
45 -1
50 4
50 3
50 -1
55 5
55 4
55 -1
60 6
60 4
60 -1
65 7
65 5
65 -1
70 8
70 6
70 -1
75 9
75 7
75 -1
80 10
80 8
80 -1
85 11
85 10
85 -1
90 12
90 10
90 -1
95 14
95 12
95 -1
100 15
100 13
100 -1
105 16
105 14
105 -1
110 17
110 15
110 -1
115 19
115 16
115 -1
120 20
120 18
120 -1
125 21
125 19
125 -1
130 23
130 20
130 -1
135 24
135 22
135 -1
140 26
140 23
140 -1
145 28
145 25
145 -1
150 29
150 26
150 -1
155 31
155 28
155 -1
160 32
160 29
160 -1
165 34
165 31
165 -1
170 36
170 32
170 -1
175 38
175 34
175 -1
180 40
180 36
180 -1
185 41
185 37
185 -1
190 43
190 39
190 -1
195 45
195 41
195 -1
200 47
200 42
200 -1
205 48
205 44
205 0
210 50
210 46
210 -1
215 52
215 47
215 -1
220 54
220 49
220 -1
225 56
225 51
225 -1
230 57
230 52
230 -1
235 59
235 54
235 -1
240 61
240 56
240 -1
245 63
245 58
245 -1
250 65
250 59
250 -1
255 67
255 61
255 -1
260 68
260 62
260 -1
265 70
265 64
265 -1
270 72
270 66
270 -1
275 74
275 68
275 -1
280 76
280 69
280 -1
285 78
285 71
285 -1
290 80
290 73
290 -1
295 81
295 75
295 -1
300 83
300 76
300 -1
305 85
305 78
305 -1
310 87
310 80
310 -1
315 89
315 82
315 -1
320 91
320 84
320 -1
325 93
325 86
325 -1
330 95
330 87
330 -1
335 96
335 89
335 -1
340 98
340 91
340 -1
345 100
345 93
345 -1
350 102
350 94
350 -1
355 104
355 96
355 -1
360 106
360 98
360 -1
365 108
365 100
365 -1
370 110
370 102
370 -1
375 111
375 104
375 -1
380 113
380 105
380 -1
385 115
385 107
385 -1
390 117
390 109
390 -1
395 119
395 110
395 -1
400 121
400 112
400 -1
405 123
405 114
405 41
410 124
410 116
410 -1
415 126
415 118
415 -1
420 128
420 120
420 -1
425 130
425 121
425 -1
430 132
430 123
430 -1
435 134
435 125
435 -1
440 136
440 127
440 -1
445 138
445 128
445 -1
450 140
450 130
450 -1
455 142
455 132
455 -1
460 144
460 134
460 -1
465 145
465 136
465 -1
470 147
470 138
470 -1
475 149
475 139
475 -1
480 151
480 141
480 -1
485 153
485 143
485 -1
490 155
490 145
490 -1
495 157
495 147
495 -1
500 158
500 148
500 -1
505 160
505 150
505 -1
510 162
510 152
510 -1
515 164
515 154
515 -1
520 166
520 156
520 -1
525 168
525 157
525 -1
530 170
530 159
530 -1
535 172
535 161
535 -1
540 173
540 163
540 -1
545 175
545 165
545 -1
550 177
550 166
550 -1
555 179
555 168
555 -1
560 181
560 170
560 -1
565 183
565 172
565 -1
570 185
570 174
570 -1
575 186
575 176
575 -1
580 188
580 177
580 -1
585 190
585 179
585 -1
590 192
590 181
590 -1
595 194
595 183
595 -1
600 196
600 184
600 -1
605 198
605 186
605 41
610 199
610 188
610 -1
615 201
615 190
615 -1
620 203
620 192
620 -1
625 205
625 194
625 -1
630 207
630 195
630 -1
635 209
635 197
635 -1
640 210
640 199
640 -1
645 212
645 201
645 -1
650 214
650 202
650 -1
655 216
655 204
655 -1
660 218
660 206
660 -1
665 220
665 208
665 -1
670 222
670 210
670 -1
675 223
675 211
675 -1
680 225
680 213
680 -1
685 227
685 215
685 -1
690 229
690 216
690 -1
695 231
695 218
695 -1
700 233
700 220
700 -1
705 235
705 222
705 -1
710 236
710 224
710 -1
715 238
715 225
715 -1
720 240
720 227
720 -1
725 242
725 229
725 -1
730 244
730 231
730 -1
735 246
735 232
735 -1
740 247
740 234
740 -1
745 249
745 236
745 -1
750 251
750 238
750 -1
755 253
755 239
755 -1
760 254
760 241
760 -1
765 256
765 243
765 -1
770 258
770 245
770 -1
775 260
775 246
775 -1
780 262
780 248
780 -1
785 264
785 250
785 -1
790 265
790 252
790 -1
795 267
795 254
795 -1
800 269
800 255
800 -1
805 271
805 257
805 41
810 272
810 259
810 -1
815 274
815 260
815 -1
820 276
820 262
820 -1
825 278
825 264
825 -1
830 280
830 266
830 -1
835 281
835 268
835 -1
840 283
840 270
840 -1
845 285
845 271
845 -1
850 287
850 273
850 -1
855 288
855 275
855 -1
860 290
860 277
860 -1
865 292
865 278
865 -1
870 294
870 280
870 -1
875 296
875 282
875 -1
880 297
880 284
880 -1
885 299
885 286
885 -1
890 301
890 287
890 -1
895 303
895 289
895 -1
900 304
900 291
900 -1
905 306
905 293
905 -1
910 308
910 294
910 -1
915 310
915 296
915 -1
920 312
920 298
920 -1
925 314
925 300
925 -1
930 315
930 302
930 -1
935 317
935 303
935 -1
940 319
940 305
940 -1
945 321
945 307
945 -1
950 322
950 309
950 -1
955 324
955 310
955 -1
960 326
960 312
960 -1
965 328
965 314
965 -1
970 330
970 316
970 -1
975 332
975 318
975 -1
980 333
980 319
980 -1
985 335
985 321
985 -1
990 337
990 323
990 -1
995 339
995 325
995 -1
1000 341
1000 326
1000 -1
1005 342
1005 328
1005 41
1010 344
1010 330
1010 -1
1015 346
1015 332
1015 -1
1020 348
1020 334
1020 -1
1025 350
1025 335
1025 -1
1030 352
1030 337
1030 -1
1035 353
1035 339
1035 -1
1040 355
1040 341
1040 -1
1045 357
1045 342
1045 -1
1050 359
1050 344
1050 -1
1055 361
1055 346
1055 -1
1060 362
1060 348
1060 -1
1065 364
1065 350
1065 -1
1070 366
1070 352
1070 -1
1075 368
1075 353
1075 -1
1080 370
1080 355
1080 -1
1085 372
1085 357
1085 -1
1090 373
1090 359
1090 -1
1095 375
1095 360
1095 -1
1100 377
1100 362
1100 -1
1105 379
1105 364
1105 -1
1110 381
1110 366
1110 -1
1115 382
1115 368
1115 -1
1120 384
1120 370
1120 -1
1125 386
1125 371
1125 -1
1130 388
1130 373
1130 -1
1135 390
1135 375
1135 -1
1140 392
1140 377
1140 -1
1145 394
1145 378
1145 -1
1150 395
1150 380
1150 -1
1155 397
1155 382
1155 -1
1160 399
1160 384
1160 -1
1165 401
1165 386
1165 -1
1170 403
1170 387
1170 -1
1175 405
1175 389
1175 -1
1180 406
1180 391
1180 -1
1185 408
1185 393
1185 -1
1190 410
1190 394
1190 -1
1195 412
1195 396
1195 -1
1200 414
1200 398
1200 -1
1205 416
1205 400
1205 41
1210 418
1210 402
1210 -1
1215 420
1215 403
1215 -1
1220 421
1220 405
1220 -1
1225 423
1225 407
1225 -1
1230 425
1230 409
1230 -1
1235 427
1235 410
1235 -1
1240 429
1240 412
1240 -1
1245 431
1245 414
1245 -1
1250 433
1250 416
1250 -1
1255 434
1255 418
1255 -1
1260 436
1260 420
1260 -1
1265 438
1265 421
1265 -1
1270 440
1270 423
1270 -1
1275 442
1275 425
1275 -1
1280 444
1280 427
1280 -1
1285 446
1285 428
1285 -1
1290 447
1290 430
1290 -1
1295 449
1295 432
1295 -1
1300 451
1300 434
1300 -1
1305 453
1305 436
1305 -1
1310 455
1310 438
1310 -1
1315 457
1315 439
1315 -1
1320 458
1320 441
1320 -1
1325 460
1325 443
1325 -1
1330 462
1330 445
1330 -1
1335 464
1335 447
1335 -1
1340 466
1340 449
1340 -1
1345 468
1345 450
1345 -1
1350 470
1350 452
1350 -1
1355 471
1355 454
1355 -1
1360 473
1360 456
1360 -1
1365 475
1365 458
1365 -1
1370 477
1370 460
1370 -1
1375 479
1375 462
1375 -1
1380 481
1380 463
1380 -1
1385 482
1385 465
1385 -1
1390 484
1390 467
1390 -1
1395 486
1395 469
1395 -1
1400 488
1400 470
1400 -1
1405 490
1405 472
1405 41
1410 492
1410 474
1410 -1
1415 493
1415 476
1415 -1
1420 495
1420 478
1420 -1
1425 497
1425 480
1425 -1
1430 499
1430 481
1430 -1
1435 501
1435 483
1435 -1
1440 503
1440 485
1440 -1
1445 504
1445 487
1445 -1
1450 506
1450 489
1450 -1
1455 508
1455 490
1455 -1
1460 510
1460 492
1460 -1
1465 512
1465 494
1465 -1
1470 514
1470 496
1470 -1
1475 516
1475 498
1475 -1
1480 517
1480 500
1480 -1
1485 519
1485 501
1485 -1
1490 521
1490 503
1490 -1
1495 523
1495 505
1495 -1
1500 525
1500 507
1500 -1
1505 527
1505 509
1505 -1
1510 528
1510 511
1510 -1
1515 530
1515 512
1515 -1
1520 532
1520 514
1520 -1
1525 534
1525 516
1525 -1
1530 536
1530 518
1530 -1
1535 538
1535 520
1535 -1
1540 539
1540 522
1540 -1
1545 541
1545 524
1545 -1
1550 543
1550 526
1550 -1
1555 545
1555 527
1555 -1
1560 547
1560 529
1560 -1
1565 548
1565 531
1565 -1
1570 550
1570 533
1570 -1
1575 552
1575 535
1575 -1
1580 554
1580 537
1580 -1
1585 556
1585 538
1585 -1
1590 558
1590 540
1590 -1
1595 559
1595 542
1595 -1
1600 561
1600 544
1600 -1
1605 563
1605 546
1605 41
1610 565
1610 548
1610 -1
1615 566
1615 550
1615 -1
1620 568
1620 551
1620 -1
1625 570
1625 553
1625 -1
1630 572
1630 555
1630 -1
1635 574
1635 557
1635 -1
1640 576
1640 559
1640 -1
1645 578
1645 560
1645 -1
1650 579
1650 562
1650 -1
1655 581
1655 564
1655 -1
1660 583
1660 566
1660 -1
1665 585
1665 568
1665 -1
1670 587
1670 569
1670 -1
1675 589
1675 571
1675 -1
1680 590
1680 573
1680 -1
1685 592
1685 575
1685 -1
1690 594
1690 576
1690 -1
1695 596
1695 578
1695 -1
1700 598
1700 580
1700 -1
1705 600
1705 582
1705 -1
1710 601
1710 584
1710 -1
1715 603
1715 585
1715 -1
1720 605
1720 587
1720 -1
1725 607
1725 589
1725 -1
1730 609
1730 590
1730 -1
1735 610
1735 592
1735 -1
1740 612
1740 594
1740 -1
1745 614
1745 596
1745 -1
1750 616
1750 597
1750 -1
1755 618
1755 599
1755 -1
1760 620
1760 601
1760 -1
1765 622
1765 603
1765 -1
1770 623
1770 604
1770 -1
1775 625
1775 606
1775 -1
1780 627
1780 608
1780 -1
1785 629
1785 610
1785 -1
1790 630
1790 612
1790 -1
1795 632
1795 613
1795 -1
1800 634
1800 615
1800 -1
1805 636
1805 617
1805 42
1810 638
1810 619
1810 -1
1815 639
1815 620
1815 -1
1820 641
1820 622
1820 -1
1825 643
1825 624
1825 -1
1830 645
1830 626
1830 -1
1835 646
1835 628
1835 -1
1840 648
1840 630
1840 -1
1845 650
1845 631
1845 -1
1850 652
1850 633
1850 -1
1855 653
1855 635
1855 -1
1860 655
1860 637
1860 -1
1865 657
1865 638
1865 -1
1870 658
1870 640
1870 -1
1875 660
1875 642
1875 -1
1880 662
1880 644
1880 -1
1885 664
1885 646
1885 -1
1890 666
1890 648
1890 -1
1895 667
1895 649
1895 -1
1900 669
1900 651
1900 -1
1905 671
1905 653
1905 -1
1910 673
1910 655
1910 -1
1915 674
1915 656
1915 -1
1920 676
1920 658
1920 -1
1925 678
1925 660
1925 -1
1930 680
1930 662
1930 -1
1935 682
1935 664
1935 -1
1940 683
1940 665
1940 -1
1945 685
1945 667
1945 -1
1950 687
1950 669
1950 -1
1955 689
1955 670
1955 -1
1960 690
1960 672
1960 -1
1965 692
1965 674
1965 -1
1970 694
1970 676
1970 -1
1975 696
1975 678
1975 -1
1980 697
1980 679
1980 -1
1985 699
1985 681
1985 -1
1990 701
1990 683
1990 -1
1995 703
1995 685
1995 -1
2000 704
2000 686
2000 -1
2005 706
2005 688
2005 42
2010 708
2010 690
2010 -1
2015 710
2015 692
2015 -1
2020 712
2020 694
2020 -1
2025 713
2025 695
2025 -1
2030 715
2030 697
2030 -1
2035 717
2035 699
2035 -1
2040 719
2040 701
2040 -1
2045 720
2045 702
2045 -1
2050 722
2050 704
2050 -1
2055 724
2055 706
2055 -1
2060 726
2060 708
2060 -1
2065 727
2065 710
2065 -1
2070 729
2070 712
2070 -1
2075 731
2075 713
2075 -1
2080 733
2080 715
2080 -1
2085 734
2085 717
2085 -1
2090 736
2090 719
2090 -1
2095 738
2095 720
2095 -1
2100 740
2100 722
2100 -1
2105 742
2105 724
2105 -1
2110 743
2110 726
2110 -1
2115 745
2115 728
2115 -1
2120 747
2120 730
2120 -1
2125 748
2125 731
2125 -1
2130 750
2130 733
2130 -1
2135 752
2135 735
2135 -1
2140 754
2140 737
2140 -1
2145 756
2145 738
2145 -1
2150 758
2150 740
2150 -1
2155 759
2155 742
2155 -1
2160 761
2160 744
2160 -1
2165 763
2165 746
2165 -1
2170 765
2170 748
2170 -1
2175 767
2175 749
2175 -1
2180 768
2180 751
2180 -1
2185 770
2185 753
2185 -1
2190 772
2190 755
2190 -1
2195 774
2195 756
2195 -1
2200 776
2200 758
2200 -1
2205 778
2205 760
2205 42
2210 780
2210 762
2210 -1
2215 781
2215 764
2215 -1
2220 783
2220 766
2220 -1
2225 785
2225 767
2225 -1
2230 787
2230 769
2230 -1
2235 789
2235 771
2235 -1
2240 791
2240 773
2240 -1
2245 793
2245 774
2245 -1
2250 794
2250 776
2250 -1
2255 796
2255 778
2255 -1
2260 798
2260 780
2260 -1
2265 800
2265 782
2265 -1
2270 802
2270 784
2270 -1
2275 804
2275 785
2275 -1
2280 806
2280 787
2280 -1
2285 807
2285 789
2285 -1
2290 809
2290 791
2290 -1
2295 811
2295 793
2295 -1
2300 813
2300 794
2300 -1
2305 815
2305 796
2305 -1
2310 817
2310 798
2310 -1
2315 818
2315 800
2315 -1
2320 820
2320 802
2320 -1
2325 822
2325 804
2325 -1
2330 824
2330 806
2330 -1
2335 826
2335 807
2335 -1
2340 828
2340 809
2340 -1
2345 830
2345 811
2345 -1
2350 831
2350 813
2350 -1
2355 833
2355 815
2355 -1
2360 835
2360 816
2360 -1
2365 837
2365 818
2365 -1
2370 839
2370 820
2370 -1
2375 841
2375 822
2375 -1
2380 842
2380 824
2380 -1
2385 844
2385 826
2385 -1
2390 846
2390 827
2390 -1
2395 848
2395 829
2395 -1
2400 850
2400 831
2400 -1
2405 852
2405 833
2405 42
2410 853
2410 834
2410 -1
2415 855
2415 836
2415 -1
2420 857
2420 838
2420 -1
2425 859
2425 840
2425 -1
2430 861
2430 842
2430 -1
2435 863
2435 844
2435 -1
2440 864
2440 845
2440 -1
2445 866
2445 847
2445 -1
2450 868
2450 849
2450 -1
2455 870
2455 851
2455 -1
2460 872
2460 853
2460 -1
2465 874
2465 854
2465 -1
2470 876
2470 856
2470 -1
2475 877
2475 858
2475 -1
2480 879
2480 860
2480 -1
2485 881
2485 862
2485 -1
2490 883
2490 864
2490 -1
2495 885
2495 865
2495 -1
2500 887
2500 867
2500 -1
2505 888
2505 869
2505 -1
2510 890
2510 871
2510 -1
2515 892
2515 873
2515 -1
2520 894
2520 874
2520 -1
2525 896
2525 876
2525 -1
2530 898
2530 878
2530 -1
2535 899
2535 880
2535 -1
2540 901
2540 882
2540 -1
2545 903
2545 884
2545 -1
2550 905
2550 885
2550 -1
2555 906
2555 887
2555 -1
2560 908
2560 889
2560 -1
2565 910
2565 891
2565 -1
2570 912
2570 893
2570 -1
2575 914
2575 895
2575 -1
2580 915
2580 896
2580 -1
2585 917
2585 898
2585 -1
2590 919
2590 900
2590 -1
2595 921
2595 902
2595 -1
2600 922
2600 904
2600 -1
2605 924
2605 906
2605 43
2610 926
2610 908
2610 -1
2615 928
2615 909
2615 -1
2620 930
2620 911
2620 -1
2625 932
2625 913
2625 -1
2630 933
2630 915
2630 -1
2635 935
2635 917
2635 -1
2640 937
2640 918
2640 -1
2645 939
2645 920
2645 -1
2650 941
2650 922
2650 -1
2655 942
2655 924
2655 -1
2660 944
2660 926
2660 -1
2665 946
2665 927
2665 -1
2670 948
2670 929
2670 -1
2675 950
2675 931
2675 -1
2680 951
2680 933
2680 -1
2685 953
2685 934
2685 -1
2690 955
2690 936
2690 -1
2695 957
2695 938
2695 -1
2700 958
2700 940
2700 -1
2705 960
2705 942
2705 -1
2710 962
2710 943
2710 -1
2715 964
2715 945
2715 -1
2720 966
2720 947
2720 -1
2725 967
2725 949
2725 -1
2730 969
2730 950
2730 -1
2735 971
2735 952
2735 -1
2740 973
2740 954
2740 -1
2745 975
2745 956
2745 -1
2750 976
2750 958
2750 -1
2755 978
2755 959
2755 -1
2760 980
2760 961
2760 -1
2765 982
2765 963
2765 -1
2770 984
2770 965
2770 -1
2775 986
2775 966
2775 -1
2780 987
2780 968
2780 -1
2785 989
2785 970
2785 -1
2790 991
2790 972
2790 -1
2795 992
2795 974
2795 -1
2800 994
2800 975
2800 -1
2805 996
2805 977
2805 43
2810 998
2810 979
2810 -1
2815 1000
2815 981
2815 -1
2820 1001
2820 982
2820 -1
2825 1003
2825 984
2825 -1
2830 1005
2830 986
2830 -1
2835 1007
2835 988
2835 -1
2840 1008
2840 990
2840 -1
2845 1010
2845 992
2845 -1
2850 1012
2850 993
2850 -1
2855 1014
2855 995
2855 -1
2860 1015
2860 997
2860 -1
2865 1017
2865 999
2865 -1
2870 1019
2870 1000
2870 -1
2875 1021
2875 1002
2875 -1
2880 1022
2880 1004
2880 -1
2885 1024
2885 1006
2885 -1
2890 1026
2890 1008
2890 -1
2895 1028
2895 1010
2895 -1
2900 1030
2900 1011
2900 -1
2905 1031
2905 1013
2905 -1
2910 1033
2910 1015
2910 -1
2915 1035
2915 1017
2915 -1
2920 1037
2920 1018
2920 -1
2925 1038
2925 1020
2925 -1
2930 1040
2930 1022
2930 -1
2935 1042
2935 1024
2935 -1
2940 1044
2940 1025
2940 -1
2945 1046
2945 1027
2945 -1
2950 1047
2950 1029
2950 -1
2955 1049
2955 1031
2955 -1
2960 1051
2960 1032
2960 -1
2965 1053
2965 1034
2965 -1
2970 1055
2970 1036
2970 -1
2975 1056
2975 1038
2975 -1
2980 1058
2980 1039
2980 -1
2985 1060
2985 1041
2985 -1
2990 1062
2990 1043
2990 -1
2995 1064
2995 1045
2995 -1
3000 1065
3000 1046
3000 -1
3005 1067
3005 1048
3005 43
3010 1069
3010 1050
3010 -1
3015 1071
3015 1052
3015 -1
3020 1072
3020 1053
3020 -1
3025 1074
3025 1055
3025 -1
3030 1076
3030 1057
3030 -1
3035 1078
3035 1059
3035 -1
3040 1080
3040 1060
3040 -1
3045 1081
3045 1062
3045 -1
3050 1083
3050 1064
3050 -1
3055 1085
3055 1066
3055 -1
3060 1087
3060 1068
3060 -1
3065 1088
3065 1069
3065 -1
3070 1090
3070 1071
3070 -1
3075 1092
3075 1073
3075 -1
3080 1094
3080 1075
3080 -1
3085 1096
3085 1076
3085 -1
3090 1098
3090 1078
3090 -1
3095 1099
3095 1080
3095 -1
3100 1101
3100 1082
3100 -1
3105 1103
3105 1084
3105 -1
3110 1105
3110 1085
3110 -1
3115 1106
3115 1087
3115 -1
3120 1108
3120 1089
3120 -1
3125 1110
3125 1091
3125 -1
3130 1112
3130 1093
3130 -1
3135 1114
3135 1094
3135 -1
3140 1115
3140 1096
3140 -1
3145 1117
3145 1098
3145 -1
3150 1119
3150 1100
3150 -1
3155 1121
3155 1101
3155 -1
3160 1123
3160 1103
3160 -1
3165 1125
3165 1105
3165 -1
3170 1126
3170 1107
3170 -1
3175 1128
3175 1109
3175 -1
3180 1130
3180 1110
3180 -1
3185 1132
3185 1112
3185 -1
3190 1134
3190 1114
3190 -1
3195 1136
3195 1116
3195 -1
3200 1137
3200 1118
3200 -1
3205 1139
3205 1119
3205 43
3210 1141
3210 1121
3210 -1
3215 1143
3215 1123
3215 -1
3220 1145
3220 1125
3220 -1
3225 1147
3225 1126
3225 -1
3230 1148
3230 1128
3230 -1
3235 1150
3235 1130
3235 -1
3240 1152
3240 1132
3240 -1
3245 1154
3245 1134
3245 -1
3250 1156
3250 1136
3250 -1
3255 1158
3255 1137
3255 -1
3260 1159
3260 1139
3260 -1
3265 1161
3265 1141
3265 -1
3270 1163
3270 1143
3270 -1
3275 1165
3275 1145
3275 -1
3280 1167
3280 1146
3280 -1
3285 1169
3285 1148
3285 -1
3290 1170
3290 1150
3290 -1
3295 1172
3295 1152
3295 -1
3300 1174
3300 1154
3300 -1
3305 1176
3305 1156
3305 -1
3310 1178
3310 1158
3310 -1
3315 1180
3315 1159
3315 -1
3320 1181
3320 1161
3320 -1
3325 1183
3325 1163
3325 -1
3330 1185
3330 1165
3330 -1
3335 1187
3335 1167
3335 -1
3340 1189
3340 1169
3340 -1
3345 1190
3345 1170
3345 -1
3350 1192
3350 1172
3350 -1
3355 1194
3355 1174
3355 -1
3360 1196
3360 1176
3360 -1
3365 1198
3365 1178
3365 -1
3370 1200
3370 1180
3370 -1
3375 1202
3375 1182
3375 -1
3380 1203
3380 1183
3380 -1
3385 1205
3385 1185
3385 -1
3390 1207
3390 1187
3390 -1
3395 1209
3395 1189
3395 -1
3400 1211
3400 1190
3400 -1
3405 1212
3405 1192
3405 44
3410 1214
3410 1194
3410 -1
3415 1216
3415 1196
3415 -1
3420 1218
3420 1198
3420 -1
3425 1220
3425 1200
3425 -1
3430 1222
3430 1201
3430 -1
3435 1224
3435 1203
3435 -1
3440 1226
3440 1205
3440 -1
3445 1227
3445 1207
3445 -1
3450 1229
3450 1208
3450 -1
3455 1231
3455 1210
3455 -1
3460 1233
3460 1212
3460 -1
3465 1235
3465 1214
3465 -1
3470 1237
3470 1216
3470 -1
3475 1238
3475 1218
3475 -1
3480 1240
3480 1219
3480 -1
3485 1242
3485 1221
3485 -1
3490 1244
3490 1223
3490 -1
3495 1246
3495 1225
3495 -1
3500 1248
3500 1227
3500 -1
3505 1250
3505 1228
3505 -1
3510 1251
3510 1230
3510 -1
3515 1253
3515 1232
3515 -1
3520 1255
3520 1234
3520 -1
3525 1257
3525 1236
3525 -1
3530 1259
3530 1238
3530 -1
3535 1260
3535 1240
3535 -1
3540 1262
3540 1241
3540 -1
3545 1264
3545 1243
3545 -1
3550 1266
3550 1245
3550 -1
3555 1268
3555 1247
3555 -1
3560 1270
3560 1249
3560 -1
3565 1271
3565 1250
3565 -1
3570 1273
3570 1252
3570 -1
3575 1275
3575 1254
3575 -1
3580 1277
3580 1256
3580 -1
3585 1278
3585 1258
3585 -1
3590 1280
3590 1260
3590 -1
3595 1282
3595 1262
3595 -1
3600 1284
3600 1263
3600 -1
3605 1286
3605 1265
3605 44
3610 1288
3610 1267
3610 -1
3615 1289
3615 1269
3615 -1
3620 1291
3620 1270
3620 -1
3625 1293
3625 1272
3625 -1
3630 1295
3630 1274
3630 -1
3635 1297
3635 1276
3635 -1
3640 1298
3640 1278
3640 -1
3645 1300
3645 1280
3645 -1
3650 1302
3650 1281
3650 -1
3655 1304
3655 1283
3655 -1
3660 1306
3660 1285
3660 -1
3665 1308
3665 1287
3665 -1
3670 1309
3670 1288
3670 -1
3675 1311
3675 1290
3675 -1
3680 1313
3680 1292
3680 -1
3685 1315
3685 1294
3685 -1
3690 1317
3690 1296
3690 -1
3695 1318
3695 1297
3695 -1
3700 1320
3700 1299
3700 -1
3705 1322
3705 1301
3705 -1
3710 1324
3710 1302
3710 -1
3715 1326
3715 1304
3715 -1
3720 1328
3720 1306
3720 -1
3725 1329
3725 1308
3725 -1
3730 1331
3730 1310
3730 -1
3735 1333
3735 1311
3735 -1
3740 1335
3740 1313
3740 -1
3745 1337
3745 1315
3745 -1
3750 1338
3750 1316
3750 -1
3755 1340
3755 1318
3755 -1
3760 1342
3760 1320
3760 -1
3765 1344
3765 1322
3765 -1
3770 1346
3770 1324
3770 -1
3775 1348
3775 1325
3775 -1
3780 1349
3780 1327
3780 -1
3785 1351
3785 1329
3785 -1
3790 1353
3790 1331
3790 -1
3795 1354
3795 1332
3795 -1
3800 1356
3800 1334
3800 -1
3805 1358
3805 1336
3805 44
3810 1360
3810 1338
3810 -1
3815 1362
3815 1340
3815 -1
3820 1363
3820 1341
3820 -1
3825 1365
3825 1343
3825 -1
3830 1367
3830 1345
3830 -1
3835 1369
3835 1347
3835 -1
3840 1370
3840 1349
3840 -1
3845 1372
3845 1350
3845 -1
3850 1374
3850 1352
3850 -1
3855 1376
3855 1354
3855 -1
3860 1377
3860 1356
3860 -1
3865 1379
3865 1358
3865 -1
3870 1381
3870 1359
3870 -1
3875 1383
3875 1361
3875 -1
3880 1384
3880 1363
3880 -1
3885 1386
3885 1365
3885 -1
3890 1388
3890 1366
3890 -1
3895 1390
3895 1368
3895 -1
3900 1392
3900 1370
3900 -1
3905 1393
3905 1372
3905 -1
3910 1395
3910 1374
3910 -1
3915 1397
3915 1375
3915 -1
3920 1398
3920 1377
3920 -1
3925 1400
3925 1379
3925 -1
3930 1402
3930 1381
3930 -1
3935 1404
3935 1382
3935 -1
3940 1406
3940 1384
3940 -1
3945 1407
3945 1386
3945 -1
3950 1409
3950 1388
3950 -1
3955 1411
3955 1389
3955 -1
3960 1413
3960 1391
3960 -1
3965 1414
3965 1393
3965 -1
3970 1416
3970 1395
3970 -1
3975 1418
3975 1396
3975 -1
3980 1420
3980 1398
3980 -1
3985 1422
3985 1400
3985 -1
3990 1423
3990 1402
3990 -1
3995 1425
3995 1404
3995 -1
4000 1427
4000 1405
4000 -1
4005 1429
4005 1407
4005 45
4010 1430
4010 1409
4010 -1
4015 1432
4015 1410
4015 -1
4020 1434
4020 1412
4020 -1
4025 1436
4025 1414
4025 -1
4030 1438
4030 1416
4030 -1
4035 1439
4035 1418
4035 -1
4040 1441
4040 1419
4040 -1
4045 1443
4045 1421
4045 -1
4050 1445
4050 1423
4050 -1
4055 1446
4055 1425
4055 -1
4060 1448
4060 1427
4060 -1
4065 1450
4065 1428
4065 -1
4070 1452
4070 1430
4070 -1
4075 1454
4075 1432
4075 -1
4080 1455
4080 1434
4080 -1
4085 1457
4085 1436
4085 -1
4090 1459
4090 1437
4090 -1
4095 1461
4095 1439
4095 -1
4100 1462
4100 1441
4100 -1
4105 1464
4105 1443
4105 -1
4110 1466
4110 1444
4110 -1
4115 1468
4115 1446
4115 -1
4120 1470
4120 1448
4120 -1
4125 1471
4125 1450
4125 -1
4130 1473
4130 1452
4130 -1
4135 1475
4135 1454
4135 -1
4140 1477
4140 1455
4140 -1
4145 1479
4145 1457
4145 -1
4150 1480
4150 1459
4150 -1
4155 1482
4155 1461
4155 -1
4160 1484
4160 1462
4160 -1
4165 1486
4165 1464
4165 -1
4170 1488
4170 1466
4170 -1
4175 1490
4175 1468
4175 -1
4180 1491
4180 1470
4180 -1
4185 1493
4185 1471
4185 -1
4190 1495
4190 1473
4190 -1
4195 1497
4195 1475
4195 -1
4200 1499
4200 1476
4200 -1
4205 1501
4205 1478
4205 45
4210 1502
4210 1480
4210 -1
4215 1504
4215 1482
4215 -1
4220 1506
4220 1484
4220 -1
4225 1508
4225 1485
4225 -1
4230 1510
4230 1487
4230 -1
4235 1512
4235 1489
4235 -1
4240 1514
4240 1491
4240 -1
4245 1515
4245 1493
4245 -1
4250 1517
4250 1494
4250 -1
4255 1519
4255 1496
4255 -1
4260 1521
4260 1498
4260 -1
4265 1523
4265 1500
4265 -1
4270 1525
4270 1502
4270 -1
4275 1526
4275 1504
4275 -1
4280 1528
4280 1505
4280 -1
4285 1530
4285 1507
4285 -1
4290 1532
4290 1509
4290 -1
4295 1534
4295 1511
4295 -1
4300 1536
4300 1512
4300 -1
4305 1538
4305 1514
4305 -1
4310 1539
4310 1516
4310 -1
4315 1541
4315 1518
4315 -1
4320 1543
4320 1520
4320 -1
4325 1545
4325 1522
4325 -1
4330 1547
4330 1524
4330 -1
4335 1548
4335 1525
4335 -1
4340 1550
4340 1527
4340 -1
4345 1552
4345 1529
4345 -1
4350 1554
4350 1531
4350 -1
4355 1556
4355 1533
4355 -1
4360 1558
4360 1534
4360 -1
4365 1560
4365 1536
4365 -1
4370 1561
4370 1538
4370 -1
4375 1563
4375 1540
4375 -1
4380 1565
4380 1542
4380 -1
4385 1567
4385 1544
4385 -1
4390 1569
4390 1545
4390 -1
4395 1571
4395 1547
4395 -1
4400 1572
4400 1549
4400 -1
4405 1574
4405 1551
4405 45
4410 1576
4410 1552
4410 -1
4415 1578
4415 1554
4415 -1
4420 1580
4420 1556
4420 -1
4425 1582
4425 1558
4425 -1
4430 1584
4430 1560
4430 -1
4435 1585
4435 1562
4435 -1
4440 1587
4440 1563
4440 -1
4445 1589
4445 1565
4445 -1
4450 1591
4450 1567
4450 -1
4455 1593
4455 1569
4455 -1
4460 1595
4460 1571
4460 -1
4465 1596
4465 1572
4465 -1
4470 1598
4470 1574
4470 -1
4475 1600
4475 1576
4475 -1
4480 1602
4480 1578
4480 -1
4485 1604
4485 1580
4485 -1
4490 1606
4490 1581
4490 -1
4495 1608
4495 1583
4495 -1
4500 1610
4500 1585
4500 -1
4505 1611
4505 1587
4505 -1
4510 1613
4510 1589
4510 -1
4515 1615
4515 1590
4515 -1
4520 1617
4520 1592
4520 -1
4525 1619
4525 1594
4525 -1
4530 1620
4530 1596
4530 -1
4535 1622
4535 1598
4535 -1
4540 1624
4540 1600
4540 -1
4545 1626
4545 1601
4545 -1
4550 1628
4550 1603
4550 -1
4555 1630
4555 1605
4555 -1
4560 1632
4560 1607
4560 -1
4565 1633
4565 1609
4565 -1
4570 1635
4570 1610
4570 -1
4575 1637
4575 1612
4575 -1
4580 1639
4580 1614
4580 -1
4585 1640
4585 1616
4585 -1
4590 1642
4590 1618
4590 -1
4595 1644
4595 1620
4595 -1
4600 1646
4600 1621
4600 -1
4605 1647
4605 1623
4605 46
4610 1649
4610 1625
4610 -1
4615 1651
4615 1627
4615 -1
4620 1653
4620 1629
4620 -1
4625 1654
4625 1630
4625 -1
4630 1656
4630 1632
4630 -1
4635 1658
4635 1634
4635 -1
4640 1660
4640 1636
4640 -1
4645 1662
4645 1638
4645 -1
4650 1664
4650 1640
4650 -1
4655 1665
4655 1641
4655 -1
4660 1667
4660 1643
4660 -1
4665 1669
4665 1645
4665 -1
4670 1671
4670 1646
4670 -1
4675 1673
4675 1648
4675 -1
4680 1674
4680 1650
4680 -1
4685 1676
4685 1652
4685 -1
4690 1678
4690 1654
4690 -1
4695 1680
4695 1655
4695 -1
4700 1682
4700 1657
4700 -1
4705 1683
4705 1659
4705 -1
4710 1685
4710 1661
4710 -1
4715 1687
4715 1662
4715 -1
4720 1689
4720 1664
4720 -1
4725 1690
4725 1666
4725 -1
4730 1692
4730 1668
4730 -1
4735 1694
4735 1669
4735 -1
4740 1696
4740 1671
4740 -1
4745 1698
4745 1673
4745 -1
4750 1700
4750 1674
4750 -1
4755 1701
4755 1676
4755 -1
4760 1703
4760 1678
4760 -1
4765 1705
4765 1680
4765 -1
4770 1706
4770 1682
4770 -1
4775 1708
4775 1683
4775 -1
4780 1710
4780 1685
4780 -1
4785 1712
4785 1687
4785 -1
4790 1713
4790 1689
4790 -1
4795 1715
4795 1690
4795 -1
4800 1717
4800 1692
4800 -1
4805 1719
4805 1694
4805 46
4810 1720
4810 1696
4810 -1
4815 1722
4815 1698
4815 -1
4820 1724
4820 1699
4820 -1
4825 1726
4825 1701
4825 -1
4830 1728
4830 1703
4830 -1
4835 1729
4835 1705
4835 -1
4840 1731
4840 1706
4840 -1
4845 1733
4845 1708
4845 -1
4850 1734
4850 1710
4850 -1
4855 1736
4855 1712
4855 -1
4860 1738
4860 1714
4860 -1
4865 1740
4865 1716
4865 -1
4870 1741
4870 1717
4870 -1
4875 1743
4875 1719
4875 -1
4880 1745
4880 1721
4880 -1
4885 1747
4885 1723
4885 -1
4890 1748
4890 1724
4890 -1
4895 1750
4895 1726
4895 -1
4900 1752
4900 1728
4900 -1
4905 1754
4905 1730
4905 -1
4910 1755
4910 1732
4910 -1
4915 1757
4915 1733
4915 -1
4920 1759
4920 1735
4920 -1
4925 1761
4925 1737
4925 -1
4930 1762
4930 1739
4930 -1
4935 1764
4935 1740
4935 -1
4940 1766
4940 1742
4940 -1
4945 1768
4945 1744
4945 -1
4950 1770
4950 1746
4950 -1
4955 1771
4955 1747
4955 -1
4960 1773
4960 1749
4960 -1
4965 1775
4965 1751
4965 -1
4970 1777
4970 1753
4970 -1
4975 1778
4975 1754
4975 -1
4980 1780
4980 1756
4980 -1
4985 1782
4985 1758
4985 -1
4990 1784
4990 1760
4990 -1
4995 1785
4995 1762
4995 -1
5000 1787
5000 1763
5000 -1
5005 1789
5005 1765
5005 46
5010 1791
5010 1767
5010 -1
5015 1792
5015 1768
5015 -1
5020 1794
5020 1770
5020 -1
5025 1796
5025 1772
5025 -1
5030 1798
5030 1774
5030 -1
5035 1799
5035 1776
5035 -1
5040 1801
5040 1777
5040 -1
5045 1803
5045 1779
5045 -1
5050 1805
5050 1781
5050 -1
5055 1806
5055 1783
5055 -1
5060 1808
5060 1784
5060 -1
5065 1810
5065 1786
5065 -1
5070 1812
5070 1788
5070 -1
5075 1814
5075 1790
5075 -1
5080 1815
5080 1792
5080 -1
5085 1817
5085 1793
5085 -1
5090 1819
5090 1795
5090 -1
5095 1821
5095 1797
5095 -1
5100 1822
5100 1799
5100 -1
5105 1824
5105 1800
5105 -1
5110 1826
5110 1802
5110 -1
5115 1828
5115 1804
5115 -1
5120 1830
5120 1806
5120 -1
5125 1831
5125 1808
5125 -1
5130 1833
5130 1810
5130 -1
5135 1835
5135 1811
5135 -1
5140 1837
5140 1813
5140 -1
5145 1839
5145 1815
5145 -1
5150 1841
5150 1816
5150 -1
5155 1842
5155 1818
5155 -1
5160 1844
5160 1820
5160 -1
5165 1846
5165 1822
5165 -1
5170 1848
5170 1824
5170 -1
5175 1850
5175 1825
5175 -1
5180 1851
5180 1827
5180 -1
5185 1853
5185 1829
5185 -1
5190 1855
5190 1831
5190 -1
5195 1857
5195 1832
5195 -1
5200 1859
5200 1834
5200 -1
5205 1860
5205 1836
5205 47
5210 1862
5210 1838
5210 -1
5215 1864
5215 1840
5215 -1
5220 1866
5220 1841
5220 -1
5225 1868
5225 1843
5225 -1
5230 1870
5230 1845
5230 -1
5235 1872
5235 1847
5235 -1
5240 1873
5240 1849
5240 -1
5245 1875
5245 1850
5245 -1
5250 1877
5250 1852
5250 -1
5255 1879
5255 1854
5255 -1
5260 1881
5260 1856
5260 -1
5265 1882
5265 1858
5265 -1
5270 1884
5270 1860
5270 -1
5275 1886
5275 1861
5275 -1
5280 1888
5280 1863
5280 -1
5285 1890
5285 1865
5285 -1
5290 1892
5290 1867
5290 -1
5295 1893
5295 1869
5295 -1
5300 1895
5300 1870
5300 -1
5305 1897
5305 1872
5305 -1
5310 1899
5310 1874
5310 -1
5315 1901
5315 1876
5315 -1
5320 1902
5320 1878
5320 -1
5325 1904
5325 1880
5325 -1
5330 1906
5330 1882
5330 -1
5335 1908
5335 1883
5335 -1
5340 1910
5340 1885
5340 -1
5345 1911
5345 1887
5345 -1
5350 1913
5350 1889
5350 -1
5355 1915
5355 1891
5355 -1
5360 1917
5360 1892
5360 -1
5365 1919
5365 1894
5365 -1
5370 1921
5370 1896
5370 -1
5375 1922
5375 1898
5375 -1
5380 1924
5380 1900
5380 -1
5385 1926
5385 1902
5385 -1
5390 1928
5390 1904
5390 -1
5395 1930
5395 1905
5395 -1
5400 1931
5400 1907
5400 -1
5405 1933
5405 1909
5405 47
5410 1935
5410 1911
5410 -1
5415 1937
5415 1912
5415 -1
5420 1939
5420 1914
5420 -1
5425 1941
5425 1916
5425 -1
5430 1942
5430 1918
5430 -1
5435 1944
5435 1920
5435 -1
5440 1946
5440 1922
5440 -1
5445 1948
5445 1923
5445 -1
5450 1950
5450 1925
5450 -1
5455 1952
5455 1927
5455 -1
5460 1953
5460 1929
5460 -1
5465 1955
5465 1931
5465 -1
5470 1957
5470 1932
5470 -1
5475 1959
5475 1934
5475 -1
5480 1961
5480 1936
5480 -1
5485 1963
5485 1938
5485 -1
5490 1964
5490 1940
5490 -1
5495 1966
5495 1942
5495 -1
5500 1968
5500 1943
5500 -1
5505 1970
5505 1945
5505 -1
5510 1972
5510 1947
5510 -1
5515 1974
5515 1949
5515 -1
5520 1975
5520 1951
5520 -1
5525 1977
5525 1953
5525 -1
5530 1979
5530 1954
5530 -1
5535 1981
5535 1956
5535 -1
5540 1983
5540 1958
5540 -1
5545 1984
5545 1960
5545 -1
5550 1986
5550 1962
5550 -1
5555 1988
5555 1964
5555 -1
5560 1990
5560 1966
5560 -1
5565 1992
5565 1967
5565 -1
5570 1994
5570 1969
5570 -1
5575 1995
5575 1971
5575 -1
5580 1997
5580 1973
5580 -1
5585 1999
5585 1975
5585 -1
5590 2001
5590 1977
5590 -1
5595 2002
5595 1978
5595 -1
5600 2004
5600 1980
5600 -1
5605 2006
5605 1982
5605 47
5610 2008
5610 1984
5610 -1
5615 2010
5615 1986
5615 -1
5620 2012
5620 1987
5620 -1
5625 2014
5625 1989
5625 -1
5630 2015
5630 1991
5630 -1
5635 2017
5635 1993
5635 -1
5640 2019
5640 1995
5640 -1
5645 2021
5645 1996
5645 -1
5650 2022
5650 1998
5650 -1
5655 2024
5655 2000
5655 -1
5660 2026
5660 2002
5660 -1
5665 2028
5665 2004
5665 -1
5670 2030
5670 2005
5670 -1
5675 2032
5675 2007
5675 -1
5680 2034
5680 2009
5680 -1
5685 2035
5685 2010
5685 -1
5690 2037
5690 2012
5690 -1
5695 2039
5695 2014
5695 -1
5700 2041
5700 2016
5700 -1
5705 2043
5705 2018
5705 -1
5710 2044
5710 2019
5710 -1
5715 2046
5715 2021
5715 -1
5720 2048
5720 2023
5720 -1
5725 2050
5725 2025
5725 -1
5730 2052
5730 2026
5730 -1
5735 2053
5735 2028
5735 -1
5740 2055
5740 2030
5740 -1
5745 2057
5745 2032
5745 -1
5750 2059
5750 2033
5750 -1
5755 2061
5755 2035
5755 -1
5760 2062
5760 2037
5760 -1
5765 2064
5765 2039
5765 -1
5770 2066
5770 2040
5770 -1
5775 2068
5775 2042
5775 -1
5780 2069
5780 2044
5780 -1
5785 2071
5785 2046
5785 -1
5790 2073
5790 2048
5790 -1
5795 2075
5795 2049
5795 -1
5800 2076
5800 2051
5800 -1
5805 2078
5805 2053
5805 48
5810 2080
5810 2055
5810 -1
5815 2082
5815 2056
5815 -1
5820 2084
5820 2058
5820 -1
5825 2085
5825 2060
5825 -1
5830 2087
5830 2062
5830 -1
5835 2089
5835 2064
5835 -1
5840 2091
5840 2065
5840 -1
5845 2092
5845 2067
5845 -1
5850 2094
5850 2069
5850 -1
5855 2096
5855 2071
5855 -1
5860 2098
5860 2072
5860 -1
5865 2099
5865 2074
5865 -1
5870 2101
5870 2076
5870 -1
5875 2103
5875 2078
5875 -1
5880 2104
5880 2080
5880 -1
5885 2106
5885 2081
5885 -1
5890 2108
5890 2083
5890 -1
5895 2110
5895 2085
5895 -1
5900 2112
5900 2087
5900 -1
5905 2113
5905 2088
5905 -1
5910 2115
5910 2090
5910 -1
5915 2117
5915 2092
5915 -1
5920 2118
5920 2094
5920 -1
5925 2120
5925 2096
5925 -1
5930 2122
5930 2097
5930 -1
5935 2124
5935 2099
5935 -1
5940 2125
5940 2101
5940 -1
5945 2127
5945 2102
5945 -1
5950 2129
5950 2104
5950 -1
5955 2131
5955 2106
5955 -1
5960 2132
5960 2108
5960 -1
5965 2134
5965 2110
5965 -1
5970 2136
5970 2111
5970 -1
5975 2138
5975 2113
5975 -1
5980 2139
5980 2115
5980 -1
5985 2141
5985 2117
5985 -1
5990 2143
5990 2118
5990 -1
5995 2145
5995 2120
5995 -1
