10 0
15 0
20 1
25 1
30 1
35 2
40 3
45 4
50 5
55 6
60 7
65 8
70 9
75 10
80 12
85 13
90 15
95 16
100 18
105 20
110 21
115 23
120 24
125 26
130 28
135 30
140 32
145 33
150 35
155 37
160 39
165 41
170 43
175 45
180 46
185 48
190 50
195 52
200 54
205 56
210 58
215 60
220 62
225 64
230 66
235 68
240 70
245 72
250 74
255 76
260 78
265 80
270 82
275 84
280 85
285 87
290 89
295 91
300 93
305 95
310 97
315 99
320 101
325 103
330 105
335 107
340 109
345 110
350 112
355 114
360 116
365 118
370 120
375 122
380 124
385 126
390 128
395 130
400 132
405 134
410 136
415 137
420 139
425 141
430 143
435 145
440 147
445 149
450 151
455 153
460 155
465 156
470 158
475 160
480 162
485 164
490 166
495 168
500 170
505 172
510 174
515 176
520 178
525 179
530 181
535 183
540 185
545 187
550 189
555 191
560 193
565 194
570 196
575 198
580 200
585 202
590 204
595 206
600 208
605 210
610 211
615 213
620 215
625 217
630 219
635 221
640 223
645 225
650 227
655 229
660 231
665 233
670 235
675 236
680 238
685 240
690 242
695 244
700 246
705 248
710 250
715 252
720 254
725 256
730 258
735 260
740 262
745 264
750 266
755 268
760 270
765 272
770 274
775 276
780 278
785 280
790 282
795 284
800 286
805 288
810 290
815 292
820 293
825 295
830 297
835 299
840 301
845 303
850 305
855 307
860 309
865 311
870 313
875 315
880 317
885 319
890 321
895 323
900 325
905 327
910 329
915 331
920 333
925 335
930 337
935 339
940 341
945 343
950 345
955 347
960 349
965 351
970 353
975 355
980 357
985 359
990 361
995 363
1000 365
1005 367
1010 369
1015 371
1020 373
1025 375
1030 377
1035 379
1040 381
1045 383
1050 385
1055 387
1060 389
1065 391
1070 393
1075 395
1080 397
1085 399
1090 401
1095 403
1100 405
1105 406
1110 409
1115 411
1120 412
1125 414
1130 416
1135 418
1140 420
1145 422
1150 424
1155 426
1160 428
1165 430
1170 432
1175 434
1180 436
1185 438
1190 440
1195 442
1200 444
1205 446
1210 448
1215 450
1220 451
1225 453
1230 455
1235 457
1240 459
1245 461
1250 463
1255 465
1260 467
1265 469
1270 470
1275 472
1280 474
1285 476
1290 478
1295 480
1300 482
1305 484
1310 486
1315 488
1320 489
1325 491
1330 493
1335 495
1340 497
1345 499
1350 501
1355 503
1360 504
1365 506
1370 508
1375 510
1380 512
1385 514
1390 516
1395 518
1400 520
1405 522
1410 523
1415 525
1420 527
1425 529
1430 531
1435 533
1440 535
1445 537
1450 539
1455 541
1460 543
1465 544
1470 546
1475 548
1480 550
1485 552
1490 554
1495 556
1500 558
1505 560
1510 562
1515 564
1520 566
1525 567
1530 569
1535 571
1540 573
1545 575
1550 577
1555 579
1560 581
1565 583
1570 585
1575 587
1580 589
1585 591
1590 593
1595 595
1600 597
1605 599
1610 601
1615 603
1620 605
1625 606
1630 608
1635 610
1640 612
1645 614
1650 616
1655 618
1660 620
1665 622
1670 624
1675 626
1680 628
1685 630
1690 632
1695 634
1700 636
1705 638
1710 640
1715 642
1720 644
1725 646
1730 648
1735 650
1740 652
1745 654
1750 656
1755 658
1760 660
1765 662
1770 664
1775 666
1780 668
1785 670
1790 672
1795 674
1800 676
1805 678
1810 680
1815 682
1820 684
1825 686
1830 688
1835 690
1840 692
1845 694
1850 696
1855 698
1860 700
1865 702
1870 704
1875 705
1880 707
1885 709
1890 711
1895 713
1900 715
1905 717
1910 719
1915 721
1920 723
1925 725
1930 727
1935 729
1940 731
1945 733
1950 735
1955 737
1960 739
1965 741
1970 743
1975 745
1980 747
1985 749
1990 751
1995 753
2000 755
2005 757
2010 759
2015 761
2020 763
2025 765
2030 767
2035 769
2040 771
2045 773
2050 775
2055 777
2060 779
2065 780
2070 783
2075 784
2080 786
2085 788
2090 790
2095 792
2100 794
2105 796
2110 798
2115 800
2120 802
2125 804
2130 806
2135 808
2140 810
2145 812
2150 814
2155 816
2160 818
2165 820
2170 822
2175 824
2180 826
2185 827
2190 829
2195 831
2200 833
2205 835
2210 837
2215 839
2220 841
2225 843
2230 844
2235 846
2240 848
2245 850
2250 852
2255 854
2260 856
2265 858
2270 860
2275 861
2280 863
2285 865
2290 867
2295 869
2300 871
2305 873
2310 875
2315 876
2320 878
2325 880
2330 882
2335 884
2340 886
2345 888
2350 890
2355 892
2360 893
2365 895
2370 897
2375 899
2380 901
2385 903
2390 905
2395 906
2400 908
2405 910
2410 912
2415 914
2420 916
2425 918
2430 920
2435 922
2440 924
2445 926
2450 928
2455 930
2460 932
2465 934
2470 936
2475 938
2480 940
2485 942
2490 943
2495 945
2500 947
2505 949
2510 951
2515 953
2520 955
2525 957
2530 959
2535 961
2540 963
2545 965
2550 967
2555 969
2560 971
2565 973
2570 975
2575 977
2580 979
2585 981
2590 983
2595 985
2600 987
2605 989
2610 991
2615 993
2620 995
2625 997
2630 999
2635 1001
2640 1003
2645 1004
2650 1006
2655 1008
2660 1010
2665 1012
2670 1014
2675 1016
2680 1018
2685 1020
2690 1022
2695 1024
2700 1026
2705 1028
2710 1030
2715 1032
2720 1034
2725 1036
2730 1038
2735 1040
2740 1042
2745 1044
2750 1046
2755 1048
2760 1050
2765 1052
2770 1054
2775 1056
2780 1058
2785 1060
2790 1062
2795 1064
2800 1066
2805 1068
2810 1070
2815 1072
2820 1074
2825 1076
2830 1078
2835 1080
2840 1082
2845 1084
2850 1086
2855 1088
2860 1090
2865 1092
2870 1094
2875 1096
2880 1098
2885 1100
2890 1102
2895 1104
2900 1106
2905 1108
2910 1110
2915 1112
2920 1114
2925 1116
2930 1118
2935 1119
2940 1121
2945 1124
2950 1126
2955 1128
2960 1129
2965 1132
2970 1133
2975 1135
2980 1137
2985 1139
2990 1141
2995 1143
3000 1145
3005 1147
3010 1149
3015 1151
3020 1153
3025 1155
3030 1157
3035 1159
3040 1161
3045 1163
3050 1165
3055 1167
3060 1169
3065 1171
3070 1173
3075 1175
3080 1177
3085 1179
3090 1181
3095 1183
3100 1185
3105 1187
3110 1189
3115 1191
3120 1193
3125 1195
3130 1197
3135 1199
3140 1201
3145 1203
3150 1205
3155 1207
3160 1209
3165 1210
3170 1212
3175 1214
3180 1216
3185 1218
3190 1220
3195 1222
3200 1224
3205 1226
3210 1228
3215 1230
3220 1232
3225 1234
3230 1236
3235 1238
3240 1240
3245 1242
3250 1244
3255 1246
3260 1248
3265 1250
3270 1252
3275 1254
3280 1256
3285 1258
3290 1260
3295 1262
3300 1264
3305 1266
3310 1268
3315 1270
3320 1272
3325 1274
3330 1276
3335 1278
3340 1280
3345 1282
3350 1284
3355 1286
3360 1288
3365 1290
3370 1291
3375 1293
3380 1296
3385 1297
3390 1299
3395 1301
3400 1303
3405 1305
3410 1307
3415 1309
3420 1311
3425 1313
3430 1315
3435 1317
3440 1319
3445 1321
3450 1323
3455 1325
3460 1327
3465 1329
3470 1331
3475 1333
3480 1335
3485 1337
3490 1339
3495 1341
