10 0
10 0
10 -1
15 0
15 0
15 -1
20 0
20 0
20 -1
25 0
25 0
25 -1
30 0
30 0
30 -1
35 0
35 0
35 -1
40 0
40 0
40 -1
45 0
45 0
45 0
50 0
50 0
50 -1
55 0
55 0
55 -1
60 0
60 0
60 -1
65 0
65 0
65 35
70 0
70 0
70 -1
75 0
75 0
75 -1
80 0
80 0
80 33
85 0
85 0
85 -1
90 0
90 0
90 29
95 0
95 0
95 -1
100 0
100 0
100 29
105 0
105 0
105 -1
110 0
110 0
110 29
115 0
115 0
115 -1
120 0
120 0
120 29
125 0
125 0
125 29
130 0
130 0
130 -1
135 0
135 0
135 2
140 0
140 0
140 28
145 0
145 0
145 -1
150 0
150 0
150 2
155 0
155 0
155 28
160 0
160 0
160 2
165 0
165 0
165 255
170 0
170 0
170 -1
175 0
175 0
175 255
180 0
180 0
180 25
185 0
185 0
185 2
190 0
190 0
190 255
195 0
195 0
195 255
200 0
200 0
200 25
205 0
205 0
205 2
210 0
210 0
210 255
215 0
215 0
215 255
220 0
220 0
220 25
225 0
225 0
225 2
230 0
230 0
230 255
235 0
235 0
235 255
240 0
240 0
240 25
245 0
245 0
245 2
250 0
250 0
250 255
255 0
255 0
255 255
260 0
260 0
260 25
265 0
265 0
265 2
270 0
270 0
270 255
275 0
275 0
275 255
280 0
280 0
280 25
285 0
285 0
285 2
290 0
290 0
290 255
295 0
295 0
295 255
300 0
300 0
300 25
305 0
305 0
305 2
310 0
310 0
310 255
315 0
315 0
315 255
320 0
320 0
320 25
325 0
325 0
325 2
330 0
330 0
330 255
335 0
335 0
335 255
340 0
340 0
340 25
345 0
345 0
345 2
350 0
350 0
350 255
355 0
355 0
355 255
360 0
360 0
360 25
365 0
365 0
365 2
370 0
370 0
370 255
375 0
375 0
375 255
380 0
380 0
380 25
385 0
385 0
385 2
390 0
390 0
390 255
395 0
395 0
395 255
400 0
400 0
400 25
405 0
405 0
405 2
410 0
410 0
410 255
415 0
415 0
415 255
420 0
420 0
420 25
425 0
425 0
425 2
430 0
430 0
430 255
435 0
435 0
435 255
440 0
440 0
440 25
445 0
445 0
445 2
450 0
450 0
450 255
455 0
455 0
455 255
460 0
460 0
460 25
465 0
465 0
465 2
470 0
470 0
470 255
475 0
475 0
475 255
480 0
480 0
480 25
485 0
485 0
485 2
490 0
490 0
490 255
495 0
495 0
495 255
500 0
500 0
500 25
505 0
505 0
505 2
510 0
510 0
510 255
515 0
515 0
515 255
520 0
520 0
520 25
525 0
525 0
525 2
530 0
530 0
530 255
535 0
535 0
535 255
540 0
540 0
540 25
545 0
545 0
545 2
550 0
550 0
550 255
555 0
555 0
555 255
560 0
560 0
560 25
565 0
565 0
565 2
570 0
570 0
570 255
575 0
575 0
575 255
580 0
580 0
580 25
585 0
585 0
585 2
590 0
590 0
590 255
595 0
595 0
595 255
600 0
600 0
600 25
605 0
605 0
605 2
610 0
610 0
610 255
615 0
615 0
615 255
620 0
620 0
620 25
625 0
625 0
625 2
630 0
630 0
630 255
635 0
635 0
635 255
640 0
640 0
640 25
645 0
645 0
645 2
650 0
650 0
650 255
655 0
655 0
655 255
660 0
660 0
660 25
665 0
665 0
665 2
670 0
670 0
670 255
675 0
675 0
675 255
680 0
680 0
680 25
685 0
685 0
685 2
690 0
690 0
690 255
695 0
695 0
695 255
700 0
700 0
700 25
705 0
705 0
705 2
710 0
710 0
710 255
715 0
715 0
715 255
720 0
720 0
720 25
725 0
725 0
725 2
730 0
730 0
730 255
735 0
735 0
735 255
740 0
740 0
740 25
745 0
745 0
745 2
750 0
750 0
750 255
755 0
755 0
755 255
760 0
760 0
760 25
765 0
765 0
765 2
770 0
770 0
770 255
775 0
775 0
775 255
780 0
780 0
780 25
785 0
785 0
785 2
790 0
790 0
790 255
795 0
795 0
795 255
800 0
800 0
800 25
805 0
805 0
805 2
810 0
810 0
810 255
815 0
815 0
815 255
820 0
820 0
820 25
825 0
825 0
825 2
830 0
830 0
830 255
835 0
835 0
835 255
840 0
840 0
840 25
845 0
845 0
845 2
850 0
850 0
850 255
855 0
855 0
855 255
860 0
860 0
860 25
865 0
865 0
865 2
870 0
870 0
870 255
875 0
875 0
875 255
880 0
880 0
880 25
885 0
885 0
885 2
890 0
890 0
890 255
895 0
895 0
895 255
900 0
900 0
900 25
905 0
905 0
905 2
910 0
910 0
910 255
915 0
915 0
915 255
920 0
920 0
920 25
925 0
925 0
925 2
930 0
930 0
930 255
935 0
935 0
935 255
940 0
940 0
940 25
945 0
945 0
945 2
950 0
950 0
950 255
955 0
955 0
955 255
960 0
960 0
960 25
965 0
965 0
965 2
970 0
970 0
970 255
975 0
975 0
975 255
980 0
980 0
980 25
985 0
985 0
985 2
990 0
990 0
990 255
995 0
995 0
995 255
1000 0
1000 0
1000 25
1005 0
1005 0
1005 2
1010 0
1010 0
1010 255
1015 0
1015 0
1015 255
1020 0
1020 0
1020 25
1025 0
1025 0
1025 2
1030 0
1030 0
1030 255
1035 0
1035 0
1035 255
1040 0
1040 0
1040 25
1045 0
1045 0
1045 2
1050 0
1050 0
1050 255
1055 0
1055 0
1055 255
1060 0
1060 0
1060 25
1065 0
1065 0
1065 2
1070 0
1070 0
1070 255
1075 0
1075 0
1075 255
1080 0
1080 0
1080 25
1085 0
1085 0
1085 2
1090 0
1090 0
1090 255
1095 0
1095 0
1095 255
1100 0
1100 0
1100 25
1105 0
1105 0
1105 2
1110 0
1110 0
1110 255
1115 0
1115 0
1115 255
1120 0
1120 0
1120 25
1125 0
1125 0
1125 2
1130 0
1130 0
1130 255
1135 0
1135 0
1135 255
1140 0
1140 0
1140 25
1145 0
1145 0
1145 2
1150 0
1150 0
1150 255
1155 0
1155 0
1155 255
1160 0
1160 0
1160 25
1165 0
1165 0
1165 2
1170 0
1170 0
1170 255
1175 0
1175 0
1175 255
1180 0
1180 0
1180 25
1185 0
1185 0
1185 2
1190 0
1190 0
1190 255
1195 0
1195 0
1195 255
1200 0
1200 0
1200 25
1205 0
1205 0
1205 2
1210 0
1210 0
1210 255
1215 0
1215 0
1215 255
1220 0
1220 0
1220 25
1225 0
1225 0
1225 2
1230 0
1230 0
1230 255
1235 0
1235 0
1235 255
1240 0
1240 0
1240 25
1245 0
1245 0
1245 2
1250 0
1250 0
1250 255
1255 0
1255 0
1255 255
1260 0
1260 0
1260 25
1265 0
1265 0
1265 2
1270 0
1270 0
1270 255
1275 0
1275 0
1275 255
1280 0
1280 0
1280 25
1285 0
1285 0
1285 2
1290 0
1290 0
1290 255
1295 0
1295 0
1295 255
1300 0
1300 0
1300 25
1305 0
1305 0
1305 2
1310 0
1310 0
1310 255
1315 0
1315 0
1315 255
1320 0
1320 0
1320 25
1325 0
1325 0
1325 2
1330 0
1330 0
1330 255
1335 0
1335 0
1335 255
1340 0
1340 0
1340 25
1345 0
1345 0
1345 2
1350 0
1350 0
1350 255
1355 0
1355 0
1355 255
1360 0
1360 0
1360 25
1365 0
1365 0
1365 2
1370 0
1370 0
1370 255
1375 0
1375 0
1375 255
1380 0
1380 0
1380 25
1385 0
1385 0
1385 2
1390 0
1390 0
1390 255
1395 0
1395 0
1395 255
1400 0
1400 0
1400 25
1405 0
1405 0
1405 2
1410 0
1410 0
1410 255
1415 0
1415 0
1415 255
1420 0
1420 0
1420 25
1425 0
1425 0
1425 2
1430 0
1430 0
1430 255
1435 0
1435 0
1435 255
1440 0
1440 0
1440 25
1445 0
1445 0
1445 2
1450 0
1450 0
1450 255
1455 0
1455 0
1455 255
1460 0
1460 0
1460 25
1465 0
1465 0
1465 2
1470 0
1470 0
1470 255
1475 0
1475 0
1475 255
1480 0
1480 0
1480 25
1485 0
1485 0
1485 2
1490 0
1490 0
1490 255
1495 0
1495 0
1495 255
1500 0
1500 0
1500 25
1505 0
1505 0
1505 2
1510 0
1510 0
1510 255
1515 0
1515 0
1515 255
1520 0
1520 0
1520 25
1525 0
1525 0
1525 2
1530 0
1530 0
1530 255
1535 0
1535 0
1535 255
1540 0
1540 0
1540 25
1545 0
1545 0
1545 2
1550 0
1550 0
1550 255
1555 0
1555 0
1555 255
1560 0
1560 0
1560 25
1565 0
1565 0
1565 2
1570 0
1570 0
1570 255
1575 0
1575 0
1575 255
1580 0
1580 0
1580 25
1585 0
1585 0
1585 2
1590 0
1590 0
1590 255
1595 0
1595 0
1595 255
1600 0
1600 0
1600 25
1605 0
1605 0
1605 2
1610 0
1610 0
1610 255
1615 0
1615 0
1615 255
1620 0
1620 0
1620 25
1625 0
1625 0
1625 2
1630 0
1630 0
1630 255
1635 0
1635 0
1635 255
1640 0
1640 0
1640 25
1645 0
1645 0
1645 2
1650 0
1650 0
1650 255
1655 0
1655 0
1655 255
1660 0
1660 0
1660 25
1665 0
1665 0
1665 2
1670 0
1670 0
1670 255
1675 0
1675 0
1675 255
1680 0
1680 0
1680 25
1685 0
1685 0
1685 2
1690 0
1690 0
1690 255
1695 0
1695 0
1695 255
1700 0
1700 0
1700 25
1705 0
1705 0
1705 2
1710 0
1710 0
1710 255
1715 0
1715 0
1715 255
1720 0
1720 0
1720 25
1725 0
1725 0
1725 2
1730 0
1730 0
1730 255
1735 0
1735 0
1735 255
1740 0
1740 0
1740 25
1745 0
1745 0
1745 2
1750 0
1750 0
1750 255
1755 0
1755 0
1755 255
1760 0
1760 0
1760 25
1765 0
1765 0
1765 2
1770 0
1770 0
1770 255
1775 0
1775 0
1775 255
1780 0
1780 0
1780 25
1785 0
1785 0
1785 2
1790 0
1790 0
1790 255
1795 0
1795 0
1795 255
1800 0
1800 0
1800 25
1805 0
1805 0
1805 2
1810 0
1810 0
1810 255
1815 0
1815 0
1815 255
1820 0
1820 0
1820 25
1825 0
1825 0
1825 2
1830 0
1830 0
1830 255
1835 0
1835 0
1835 255
1840 0
1840 0
1840 25
1845 0
1845 0
1845 2
1850 0
1850 0
1850 255
1855 0
1855 0
1855 255
1860 0
1860 0
1860 25
1865 0
1865 0
1865 2
1870 0
1870 0
1870 255
1875 0
1875 0
1875 255
1880 0
1880 0
1880 25
1885 0
1885 0
1885 2
1890 0
1890 0
1890 255
1895 0
1895 0
1895 255
1900 0
1900 0
1900 25
1905 0
1905 0
1905 2
1910 0
1910 0
1910 255
1915 0
1915 0
1915 255
1920 0
1920 0
1920 25
1925 0
1925 0
1925 2
1930 0
1930 0
1930 255
1935 0
1935 0
1935 255
1940 0
1940 0
1940 25
1945 0
1945 0
1945 2
1950 0
1950 0
1950 255
1955 0
1955 0
1955 255
1960 0
1960 0
1960 25
1965 0
1965 0
1965 2
1970 0
1970 0
1970 255
1975 0
1975 0
1975 255
1980 0
1980 0
1980 25
1985 0
1985 0
1985 2
1990 0
1990 0
1990 255
1995 0
1995 0
1995 255
2000 0
2000 0
2000 25
2005 0
2005 0
2005 2
2010 0
2010 0
2010 255
2015 0
2015 0
2015 255
2020 0
2020 0
2020 25
2025 0
2025 0
2025 2
2030 0
2030 0
2030 255
2035 0
2035 0
2035 255
2040 0
2040 0
2040 25
2045 0
2045 0
2045 2
2050 0
2050 0
2050 255
2055 0
2055 0
2055 255
2060 0
2060 0
2060 25
2065 0
2065 0
2065 2
2070 0
2070 0
2070 255
2075 0
2075 0
2075 255
2080 0
2080 0
2080 25
2085 0
2085 0
2085 2
2090 0
2090 0
2090 255
2095 0
2095 0
2095 255
2100 0
2100 0
2100 25
2105 0
2105 0
2105 2
2110 0
2110 0
2110 255
2115 0
2115 0
2115 255
2120 0
2120 0
2120 25
2125 0
2125 0
2125 2
2130 0
2130 0
2130 255
2135 0
2135 0
2135 255
2140 0
2140 0
2140 25
2145 0
2145 0
2145 2
2150 0
2150 0
2150 255
2155 0
2155 0
2155 255
2160 0
2160 0
2160 25
2165 0
2165 0
2165 2
2170 0
2170 0
2170 255
2175 0
2175 0
2175 255
2180 0
2180 0
2180 25
2185 0
2185 0
2185 2
2190 0
2190 0
2190 255
2195 0
2195 0
2195 255
2200 0
2200 0
2200 25
2205 0
2205 0
2205 2
2210 0
2210 0
2210 255
2215 0
2215 0
2215 255
2220 0
2220 0
2220 25
2225 0
2225 0
2225 2
2230 0
2230 0
2230 255
2235 0
2235 0
2235 255
2240 0
2240 0
2240 25
2245 0
2245 0
2245 2
2250 0
2250 0
2250 255
2255 0
2255 0
2255 255
2260 0
2260 0
2260 25
2265 0
2265 0
2265 2
2270 0
2270 0
2270 255
2275 0
2275 0
2275 255
2280 0
2280 0
2280 25
2285 0
2285 0
2285 2
2290 0
2290 0
2290 255
2295 0
2295 0
2295 255
2300 0
2300 0
2300 25
2305 0
2305 0
2305 2
2310 0
2310 0
2310 255
2315 0
2315 0
2315 255
2320 0
2320 0
2320 25
2325 0
2325 0
2325 2
2330 0
2330 0
2330 255
2335 0
2335 0
2335 255
2340 0
2340 0
2340 25
2345 0
2345 0
2345 2
2350 0
2350 0
2350 255
2355 0
2355 0
2355 255
2360 0
2360 0
2360 25
2365 0
2365 0
2365 2
2370 0
2370 0
2370 255
2375 0
2375 0
2375 255
2380 0
2380 0
2380 25
2385 0
2385 0
2385 2
2390 0
2390 0
2390 255
2395 0
2395 0
2395 255
2400 0
2400 0
2400 25
2405 0
2405 0
2405 2
2410 0
2410 0
2410 255
2415 0
2415 0
2415 255
2420 0
2420 0
2420 25
2425 0
2425 0
2425 2
2430 0
2430 0
2430 255
2435 0
2435 0
2435 255
2440 0
2440 0
2440 25
2445 0
2445 0
2445 2
2450 0
2450 0
2450 255
2455 0
2455 0
2455 255
2460 0
2460 0
2460 25
2465 0
2465 0
2465 2
2470 0
2470 0
2470 255
2475 0
2475 0
2475 255
2480 0
2480 0
2480 25
2485 0
2485 0
2485 2
2490 0
2490 0
2490 255
2495 0
2495 0
2495 255
2500 0
2500 0
2500 25
2505 0
2505 0
2505 2
2510 0
2510 0
2510 255
2515 0
2515 0
2515 255
2520 0
2520 0
2520 25
2525 0
2525 0
2525 2
2530 0
2530 0
2530 255
2535 0
2535 0
2535 255
2540 0
2540 0
2540 25
2545 0
2545 0
2545 2
2550 0
2550 0
2550 255
2555 0
2555 0
2555 255
2560 0
2560 0
2560 25
2565 0
2565 0
2565 2
2570 0
2570 0
2570 255
2575 0
2575 0
2575 255
2580 0
2580 0
2580 25
2585 0
2585 0
2585 2
2590 0
2590 0
2590 255
2595 0
2595 0
2595 255
2600 0
2600 0
2600 25
2605 0
2605 0
2605 2
2610 0
2610 0
2610 255
2615 0
2615 0
2615 255
2620 0
2620 0
2620 25
2625 0
2625 0
2625 2
2630 0
2630 0
2630 255
2635 0
2635 0
2635 255
2640 0
2640 0
2640 25
2645 0
2645 0
2645 2
2650 0
2650 0
2650 255
2655 0
2655 0
2655 255
2660 0
2660 0
2660 25
2665 0
2665 0
2665 2
2670 0
2670 0
2670 255
2675 0
2675 0
2675 255
2680 0
2680 0
2680 25
2685 0
2685 0
2685 2
2690 0
2690 0
2690 255
2695 0
2695 0
2695 255
2700 0
2700 0
2700 25
2705 0
2705 0
2705 2
2710 0
2710 0
2710 255
2715 0
2715 0
2715 255
2720 0
2720 0
2720 25
2725 0
2725 0
2725 2
2730 0
2730 0
2730 255
2735 0
2735 0
2735 255
2740 0
2740 0
2740 25
2745 0
2745 0
2745 2
2750 0
2750 0
2750 255
2755 0
2755 0
2755 255
2760 0
2760 0
2760 25
2765 0
2765 0
2765 2
2770 0
2770 0
2770 255
2775 0
2775 0
2775 255
2780 0
2780 0
2780 25
2785 0
2785 0
2785 2
2790 0
2790 0
2790 255
2795 0
2795 0
2795 255
2800 0
2800 0
2800 25
2805 0
2805 0
2805 2
2810 0
2810 0
2810 255
2815 0
2815 0
2815 255
2820 0
2820 0
2820 25
2825 0
2825 0
2825 2
2830 0
2830 0
2830 255
2835 0
2835 0
2835 255
2840 0
2840 0
2840 25
2845 0
2845 0
2845 2
2850 0
2850 0
2850 255
2855 0
2855 0
2855 255
2860 0
2860 0
2860 25
2865 0
2865 0
2865 2
2870 0
2870 0
2870 255
2875 0
2875 0
2875 255
2880 0
2880 0
2880 25
2885 0
2885 0
2885 2
2890 0
2890 0
2890 255
2895 0
2895 0
2895 255
2900 0
2900 0
2900 25
2905 0
2905 0
2905 2
2910 0
2910 0
2910 255
2915 0
2915 0
2915 255
2920 0
2920 0
2920 25
2925 0
2925 0
2925 2
2930 0
2930 0
2930 255
2935 0
2935 0
2935 255
2940 0
2940 0
2940 25
2945 0
2945 0
2945 2
2950 0
2950 0
2950 255
2955 0
2955 0
2955 255
2960 0
2960 0
2960 25
2965 0
2965 0
2965 2
2970 0
2970 0
2970 255
2975 0
2975 0
2975 255
2980 0
2980 0
2980 25
2985 0
2985 0
2985 2
2990 0
2990 0
2990 255
2995 0
2995 0
2995 255
3000 0
3000 0
3000 25
3005 0
3005 0
3005 2
3010 0
3010 0
3010 255
3015 0
3015 0
3015 255
3020 0
3020 0
3020 25
3025 0
3025 0
3025 2
3030 0
3030 0
3030 255
3035 0
3035 0
3035 255
3040 0
3040 0
3040 25
3045 0
3045 0
3045 2
3050 0
3050 0
3050 255
3055 0
3055 0
3055 255
3060 0
3060 0
3060 25
3065 0
3065 0
3065 2
3070 0
3070 0
3070 255
3075 0
3075 0
3075 255
3080 0
3080 0
3080 25
3085 0
3085 0
3085 2
3090 0
3090 0
3090 255
3095 0
3095 0
3095 255
3100 0
3100 0
3100 25
3105 0
3105 0
3105 2
3110 0
3110 0
3110 255
3115 0
3115 0
3115 255
3120 0
3120 0
3120 25
3125 0
3125 0
3125 2
3130 0
3130 0
3130 255
3135 0
3135 0
3135 255
3140 0
3140 0
3140 25
3145 0
3145 0
3145 2
3150 0
3150 0
3150 255
3155 0
3155 0
3155 255
3160 0
3160 0
3160 25
3165 0
3165 0
3165 2
3170 0
3170 0
3170 255
3175 0
3175 0
3175 255
3180 0
3180 0
3180 25
3185 0
3185 0
3185 2
3190 0
3190 0
3190 255
3195 0
3195 0
3195 255
3200 0
3200 0
3200 25
3205 0
3205 0
3205 2
3210 0
3210 0
3210 255
3215 0
3215 0
3215 255
3220 0
3220 0
3220 25
3225 0
3225 0
3225 2
3230 0
3230 0
3230 255
3235 0
3235 0
3235 255
3240 0
3240 0
3240 25
3245 0
3245 0
3245 2
3250 0
3250 0
3250 255
3255 0
3255 0
3255 255
3260 0
3260 0
3260 25
3265 0
3265 0
3265 2
3270 0
3270 0
3270 255
3275 0
3275 0
3275 255
3280 0
3280 0
3280 25
3285 0
3285 0
3285 2
3290 0
3290 0
3290 255
3295 0
3295 0
3295 255
3300 0
3300 0
3300 25
3305 0
3305 0
3305 2
3310 0
3310 0
3310 255
3315 0
3315 0
3315 255
3320 0
3320 0
3320 25
3325 0
3325 0
3325 2
3330 0
3330 0
3330 255
3335 0
3335 0
3335 255
3340 0
3340 0
3340 25
3345 0
3345 0
3345 2
3350 0
3350 0
3350 255
3355 0
3355 0
3355 255
3360 0
3360 0
3360 25
3365 0
3365 0
3365 2
3370 0
3370 0
3370 255
3375 0
3375 0
3375 255
3380 0
3380 0
3380 25
3385 0
3385 0
3385 2
3390 0
3390 0
3390 255
3395 0
3395 0
3395 255
3400 0
3400 0
3400 25
3405 0
3405 0
3405 2
3410 0
3410 0
3410 255
3415 0
3415 0
3415 255
3420 0
3420 0
3420 25
3425 0
3425 0
3425 2
3430 0
3430 0
3430 255
3435 0
3435 0
3435 255
3440 0
3440 0
3440 25
3445 0
3445 0
3445 2
3450 0
3450 0
3450 255
3455 0
3455 0
3455 255
3460 0
3460 0
3460 25
3465 0
3465 0
3465 2
3470 0
3470 0
3470 255
3475 0
3475 0
3475 255
3480 0
3480 0
3480 25
3485 0
3485 0
3485 2
3490 0
3490 0
3490 255
3495 0
3495 0
3495 255
3500 0
3500 0
3500 25
3505 0
3505 0
3505 2
3510 0
3510 0
3510 255
3515 0
3515 0
3515 255
3520 0
3520 0
3520 25
3525 0
3525 0
3525 2
3530 0
3530 0
3530 255
3535 0
3535 0
3535 255
3540 0
3540 0
3540 25
3545 0
3545 0
3545 2
3550 0
3550 0
3550 255
3555 0
3555 0
3555 255
3560 0
3560 0
3560 25
3565 0
3565 0
3565 2
3570 0
3570 0
3570 255
3575 0
3575 0
3575 255
3580 0
3580 0
3580 25
3585 0
3585 0
3585 2
3590 0
3590 0
3590 255
3595 0
3595 0
3595 255
3600 0
3600 0
3600 25
3605 0
3605 0
3605 2
3610 0
3610 0
3610 255
3615 0
3615 0
3615 255
3620 0
3620 0
3620 25
3625 0
3625 0
3625 2
3630 0
3630 0
3630 255
3635 0
3635 0
3635 255
3640 0
3640 0
3640 25
3645 0
3645 0
3645 2
3650 0
3650 0
3650 255
3655 0
3655 0
3655 255
3660 0
3660 0
3660 25
3665 0
3665 0
3665 2
3670 0
3670 0
3670 255
3675 0
3675 0
3675 255
3680 0
3680 0
3680 25
3685 0
3685 0
3685 2
3690 0
3690 0
3690 255
3695 0
3695 0
3695 255
3700 0
3700 0
3700 25
3705 0
3705 0
3705 2
3710 0
3710 0
3710 255
3715 0
3715 0
3715 255
3720 0
3720 0
3720 25
3725 0
3725 0
3725 2
3730 0
3730 0
3730 255
3735 0
3735 0
3735 255
3740 0
3740 0
3740 25
3745 0
3745 0
3745 2
3750 0
3750 0
3750 255
3755 0
3755 0
3755 255
3760 0
3760 0
3760 25
3765 0
3765 0
3765 2
3770 0
3770 0
3770 255
3775 0
3775 0
3775 255
3780 0
3780 0
3780 25
3785 0
3785 0
3785 2
3790 0
3790 0
3790 255
3795 0
3795 0
3795 255
3800 0
3800 0
3800 25
3805 0
3805 0
3805 2
3810 0
3810 0
3810 255
3815 0
3815 0
3815 255
3820 0
3820 0
3820 25
3825 0
3825 0
3825 2
3830 0
3830 0
3830 255
3835 0
3835 0
3835 255
3840 0
3840 0
3840 25
3845 0
3845 0
3845 2
3850 0
3850 0
3850 255
3855 0
3855 0
3855 255
3860 0
3860 0
3860 25
3865 0
3865 0
3865 2
3870 0
3870 0
3870 255
3875 0
3875 0
3875 255
3880 0
3880 0
3880 25
3885 0
3885 0
3885 2
3890 0
3890 0
3890 255
3895 0
3895 0
3895 255
3900 0
3900 0
3900 25
3905 0
3905 0
3905 2
3910 0
3910 0
3910 255
3915 0
3915 0
3915 255
3920 0
3920 0
3920 25
3925 0
3925 0
3925 2
3930 0
3930 0
3930 255
3935 0
3935 0
3935 255
3940 0
3940 0
3940 25
3945 0
3945 0
3945 2
3950 0
3950 0
3950 255
3955 0
3955 0
3955 255
3960 0
3960 0
3960 25
3965 0
3965 0
3965 2
3970 0
3970 0
3970 255
3975 0
3975 0
3975 255
3980 0
3980 0
3980 25
3985 0
3985 0
3985 2
3990 0
3990 0
3990 255
3995 0
3995 0
3995 255
4000 0
4000 0
4000 25
4005 0
4005 0
4005 2
4010 0
4010 0
4010 255
4015 0
4015 0
4015 255
4020 0
4020 0
4020 25
4025 0
4025 0
4025 2
4030 0
4030 0
4030 255
4035 0
4035 0
4035 255
4040 0
4040 0
4040 25
4045 0
4045 0
4045 2
4050 0
4050 0
4050 255
4055 0
4055 0
4055 255
4060 0
4060 0
4060 25
4065 0
4065 0
4065 2
4070 0
4070 0
4070 255
4075 0
4075 0
4075 255
4080 0
4080 0
4080 25
4085 0
4085 0
4085 2
4090 0
4090 0
4090 255
4095 0
4095 0
4095 255
4100 0
4100 0
4100 25
4105 0
4105 0
4105 2
4110 0
4110 0
4110 255
4115 0
4115 0
4115 255
4120 0
4120 0
4120 25
4125 0
4125 0
4125 2
4130 0
4130 0
4130 255
4135 0
4135 0
4135 255
4140 0
4140 0
4140 25
4145 0
4145 0
4145 2
4150 0
4150 0
4150 255
4155 0
4155 0
4155 255
4160 0
4160 0
4160 25
4165 0
4165 0
4165 2
4170 0
4170 0
4170 255
4175 0
4175 0
4175 255
4180 0
4180 0
4180 25
4185 0
4185 0
4185 2
4190 0
4190 0
4190 255
4195 0
4195 0
4195 255
4200 0
4200 0
4200 25
4205 0
4205 0
4205 2
4210 0
4210 0
4210 255
4215 0
4215 0
4215 255
4220 0
4220 0
4220 25
4225 0
4225 0
4225 2
4230 0
4230 0
4230 255
4235 0
4235 0
4235 255
4240 0
4240 0
4240 25
4245 0
4245 0
4245 2
4250 0
4250 0
4250 255
4255 0
4255 0
4255 255
4260 0
4260 0
4260 25
4265 0
4265 0
4265 2
4270 0
4270 0
4270 255
4275 0
4275 0
4275 255
4280 0
4280 0
4280 25
4285 0
4285 0
4285 2
4290 0
4290 0
4290 255
4295 0
4295 0
4295 255
4300 0
4300 0
4300 25
4305 0
4305 0
4305 2
4310 0
4310 0
4310 255
4315 0
4315 0
4315 255
4320 0
4320 0
4320 25
4325 0
4325 0
4325 2
4330 0
4330 0
4330 255
4335 0
4335 0
4335 255
4340 0
4340 0
4340 25
4345 0
4345 0
4345 2
4350 0
4350 0
4350 255
4355 0
4355 0
4355 255
4360 0
4360 0
4360 25
4365 0
4365 0
4365 2
4370 0
4370 0
4370 255
4375 0
4375 0
4375 255
4380 0
4380 0
4380 25
4385 0
4385 0
4385 2
4390 0
4390 0
4390 255
4395 0
4395 0
4395 255
4400 0
4400 0
4400 25
4405 0
4405 0
4405 2
4410 0
4410 0
4410 255
4415 0
4415 0
4415 255
4420 0
4420 0
4420 25
4425 0
4425 0
4425 2
4430 0
4430 0
4430 255
4435 0
4435 0
4435 255
4440 0
4440 0
4440 25
4445 0
4445 0
4445 2
4450 0
4450 0
4450 255
4455 0
4455 0
4455 255
4460 0
4460 0
4460 25
4465 0
4465 0
4465 2
4470 0
4470 0
4470 255
4475 0
4475 0
4475 255
4480 0
4480 0
4480 25
4485 0
4485 0
4485 2
4490 0
4490 0
4490 255
4495 0
4495 0
4495 255
4500 0
4500 0
4500 25
4505 0
4505 0
4505 2
4510 0
4510 0
4510 255
4515 0
4515 0
4515 255
4520 0
4520 0
4520 25
4525 0
4525 0
4525 2
4530 0
4530 0
4530 255
4535 0
4535 0
4535 255
4540 0
4540 0
4540 25
4545 0
4545 0
4545 2
4550 0
4550 0
4550 255
4555 0
4555 0
4555 255
4560 0
4560 0
4560 25
4565 0
4565 0
4565 2
4570 0
4570 0
4570 255
4575 0
4575 0
4575 255
4580 0
4580 0
4580 25
4585 0
4585 0
4585 2
4590 0
4590 0
4590 255
4595 0
4595 0
4595 255
4600 0
4600 0
4600 25
4605 0
4605 0
4605 2
4610 0
4610 0
4610 255
4615 0
4615 0
4615 255
4620 0
4620 0
4620 25
4625 0
4625 0
4625 2
4630 0
4630 0
4630 255
4635 0
4635 0
4635 255
4640 0
4640 0
4640 25
4645 0
4645 0
4645 2
4650 0
4650 0
4650 255
4655 0
4655 0
4655 255
4660 0
4660 0
4660 25
4665 0
4665 0
4665 2
4670 0
4670 0
4670 255
4675 0
4675 0
4675 255
4680 0
4680 0
4680 25
4685 0
4685 0
4685 2
4690 0
4690 0
4690 255
4695 0
4695 0
4695 255
4700 0
4700 0
4700 25
4705 0
4705 0
4705 2
4710 0
4710 0
4710 255
4715 0
4715 0
4715 255
4720 0
4720 0
4720 25
4725 0
4725 0
4725 2
4730 0
4730 0
4730 255
4735 0
4735 0
4735 255
4740 0
4740 0
4740 25
4745 0
4745 0
4745 2
4750 0
4750 0
4750 255
4755 0
4755 0
4755 255
4760 0
4760 0
4760 25
4765 0
4765 0
4765 2
4770 0
4770 0
4770 255
4775 0
4775 0
4775 255
4780 0
4780 0
4780 25
4785 0
4785 0
4785 2
4790 0
4790 0
4790 255
4795 0
4795 0
4795 255
4800 0
4800 0
4800 25
4805 0
4805 0
4805 2
4810 0
4810 0
4810 255
4815 0
4815 0
4815 255
4820 0
4820 0
4820 25
4825 0
4825 0
4825 2
4830 0
4830 0
4830 255
4835 0
4835 0
4835 255
4840 0
4840 0
4840 25
4845 0
4845 0
4845 2
4850 0
4850 0
4850 255
4855 0
4855 0
4855 255
4860 0
4860 0
4860 25
4865 0
4865 0
4865 2
4870 0
4870 0
4870 255
4875 0
4875 0
4875 255
4880 0
4880 0
4880 25
4885 0
4885 0
4885 2
4890 0
4890 0
4890 255
4895 0
4895 0
4895 255
4900 0
4900 0
4900 25
4905 0
4905 0
4905 2
4910 0
4910 0
4910 255
4915 0
4915 0
4915 255
4920 0
4920 0
4920 25
4925 0
4925 0
4925 2
4930 0
4930 0
4930 255
4935 0
4935 0
4935 255
4940 0
4940 0
4940 25
4945 0
4945 0
4945 2
4950 0
4950 0
4950 255
4955 0
4955 0
4955 255
4960 0
4960 0
4960 25
4965 0
4965 0
4965 2
4970 0
4970 0
4970 255
4975 0
4975 0
4975 255
4980 0
4980 0
4980 25
4985 0
4985 0
4985 2
4990 0
4990 0
4990 255
4995 0
4995 0
4995 255
5000 0
5000 0
5000 25
5005 0
5005 0
5005 2
5010 0
5010 0
5010 255
5015 0
5015 0
5015 255
5020 0
5020 0
5020 25
5025 0
5025 0
5025 2
5030 0
5030 0
5030 255
5035 0
5035 0
5035 255
5040 0
5040 0
5040 25
5045 0
5045 0
5045 2
5050 0
5050 0
5050 255
5055 0
5055 0
5055 255
5060 0
5060 0
5060 25
5065 0
5065 0
5065 2
5070 0
5070 0
5070 255
5075 0
5075 0
5075 255
5080 0
5080 0
5080 25
5085 0
5085 0
5085 2
5090 0
5090 0
5090 255
5095 0
5095 0
5095 255
5100 0
5100 0
5100 25
5105 0
5105 0
5105 2
5110 0
5110 0
5110 255
5115 0
5115 0
5115 255
5120 0
5120 0
5120 25
5125 0
5125 0
5125 2
5130 0
5130 0
5130 255
5135 0
5135 0
5135 255
5140 0
5140 0
5140 25
5145 0
5145 0
5145 2
5150 0
5150 0
5150 255
5155 0
5155 0
5155 255
5160 0
5160 0
5160 25
5165 0
5165 0
5165 2
5170 0
5170 0
5170 255
5175 0
5175 0
5175 255
5180 0
5180 0
5180 25
5185 0
5185 0
5185 2
5190 0
5190 0
5190 255
5195 0
5195 0
5195 255
5200 0
5200 0
5200 25
5205 0
5205 0
5205 2
5210 0
5210 0
5210 255
5215 0
5215 0
5215 255
5220 0
5220 0
5220 25
5225 0
5225 0
5225 2
5230 0
5230 0
5230 255
5235 0
5235 0
5235 255
5240 0
5240 0
5240 25
5245 0
5245 0
5245 2
5250 0
5250 0
5250 255
5255 0
5255 0
5255 255
5260 0
5260 0
5260 25
5265 0
5265 0
5265 2
5270 0
5270 0
5270 255
5275 0
5275 0
5275 255
5280 0
5280 0
5280 25
5285 0
5285 0
5285 2
5290 0
5290 0
5290 255
5295 0
5295 0
5295 255
5300 0
5300 0
5300 25
5305 0
5305 0
5305 2
5310 0
5310 0
5310 255
5315 0
5315 0
5315 255
5320 0
5320 0
5320 25
5325 0
5325 0
5325 2
5330 0
5330 0
5330 255
5335 0
5335 0
5335 255
5340 0
5340 0
5340 25
5345 0
5345 0
5345 2
5350 0
5350 0
5350 255
5355 0
5355 0
5355 255
5360 0
5360 0
5360 25
5365 0
5365 0
5365 2
5370 0
5370 0
5370 255
5375 0
5375 0
5375 255
5380 0
5380 0
5380 25
5385 0
5385 0
5385 2
5390 0
5390 0
5390 255
5395 0
5395 0
5395 255
5400 0
5400 0
5400 25
5405 0
5405 0
5405 2
5410 0
5410 0
5410 255
5415 0
5415 0
5415 255
5420 0
5420 0
5420 25
5425 0
5425 0
5425 2
5430 0
5430 0
5430 255
5435 0
5435 0
5435 255
5440 0
5440 0
5440 25
5445 0
5445 0
5445 2
5450 0
5450 0
5450 255
5455 0
5455 0
5455 255
5460 0
5460 0
5460 25
5465 0
5465 0
5465 2
5470 0
5470 0
5470 255
5475 0
5475 0
5475 255
5480 0
5480 0
5480 25
5485 0
5485 0
5485 2
5490 0
5490 0
5490 255
5495 0
5495 0
5495 255
5500 0
5500 0
5500 25
5505 0
5505 0
5505 2
5510 0
5510 0
5510 255
5515 0
5515 0
5515 255
5520 0
5520 0
5520 25
5525 0
5525 0
5525 2
5530 0
5530 0
5530 255
5535 0
5535 0
5535 255
5540 0
5540 0
5540 25
5545 0
5545 0
5545 2
5550 0
5550 0
5550 255
5555 0
5555 0
5555 255
5560 0
5560 0
5560 25
5565 0
5565 0
5565 2
5570 0
5570 0
5570 255
5575 0
5575 0
5575 255
5580 0
5580 0
5580 25
5585 0
5585 0
5585 2
5590 0
5590 0
5590 255
5595 0
5595 0
5595 255
5600 0
5600 0
5600 25
5605 0
5605 0
5605 2
5610 0
5610 0
5610 255
5615 0
5615 0
5615 255
5620 0
5620 0
5620 25
5625 0
5625 0
5625 2
5630 0
5630 0
5630 255
5635 0
5635 0
5635 255
5640 0
5640 0
5640 25
5645 0
5645 0
5645 2
5650 0
5650 0
5650 255
5655 0
5655 0
5655 255
5660 0
5660 0
5660 25
5665 0
5665 0
5665 2
5670 0
5670 0
5670 255
5675 0
5675 0
5675 255
5680 0
5680 0
5680 25
5685 0
5685 0
5685 2
5690 0
5690 0
5690 255
5695 0
5695 0
5695 255
5700 0
5700 0
5700 25
5705 0
5705 0
5705 2
5710 0
5710 0
5710 255
5715 0
5715 0
5715 255
5720 0
5720 0
5720 25
5725 0
5725 0
5725 2
5730 0
5730 0
5730 255
5735 0
5735 0
5735 255
5740 0
5740 0
5740 25
5745 0
5745 0
5745 2
5750 0
5750 0
5750 255
5755 0
5755 0
5755 255
5760 0
5760 0
5760 25
5765 0
5765 0
5765 2
5770 0
5770 0
5770 255
5775 0
5775 0
5775 255
5780 0
5780 0
5780 25
5785 0
5785 0
5785 2
5790 0
5790 0
5790 255
5795 0
5795 0
5795 255
5800 0
5800 0
5800 25
5805 0
5805 0
5805 2
5810 0
5810 0
5810 255
5815 0
5815 0
5815 255
5820 0
5820 0
5820 25
5825 0
5825 0
5825 2
5830 0
5830 0
5830 255
5835 0
5835 0
5835 255
5840 0
5840 0
5840 25
5845 0
5845 0
5845 2
5850 0
5850 0
5850 255
5855 0
5855 0
5855 255
5860 0
5860 0
5860 25
5865 0
5865 0
5865 2
5870 0
5870 0
5870 255
5875 0
5875 0
5875 255
5880 0
5880 0
5880 25
5885 0
5885 0
5885 2
5890 0
5890 0
5890 255
5895 0
5895 0
5895 255
5900 0
5900 0
5900 25
5905 0
5905 0
5905 2
5910 0
5910 0
5910 255
5915 0
5915 0
5915 255
5920 0
5920 0
5920 25
5925 0
5925 0
5925 2
5930 0
5930 0
5930 255
5935 0
5935 0
5935 255
5940 0
5940 0
5940 25
5945 0
5945 0
5945 2
5950 0
5950 0
5950 255
5955 0
5955 0
5955 255
5960 0
5960 0
5960 25
5965 0
5965 0
5965 2
5970 0
5970 0
5970 255
5975 0
5975 0
5975 255
5980 0
5980 0
5980 25
5985 0
5985 0
5985 2
5990 0
5990 0
5990 255
5995 0
5995 0
5995 255
