10 0
15 0
20 1
25 1
30 1
35 2
40 3
45 4
50 5
55 6
60 7
65 8
70 10
75 11
80 13
85 14
90 16
95 18
100 19
105 21
110 23
115 25
120 27
125 28
130 30
135 32
140 34
145 36
150 38
155 40
160 42
165 44
170 46
175 48
180 50
185 52
190 54
195 56
200 59
205 61
210 63
215 65
220 67
225 69
230 71
235 73
240 75
245 77
250 80
255 82
260 84
265 86
270 88
275 90
280 93
285 95
290 97
295 99
300 101
305 103
310 105
315 107
320 110
325 112
330 114
335 116
340 118
345 120
350 123
355 125
360 127
365 129
370 131
375 133
380 135
385 138
390 140
395 142
400 144
405 146
410 148
415 150
420 153
425 155
430 157
435 159
440 161
445 163
450 165
455 168
460 170
465 172
470 174
475 176
480 178
485 180
490 183
495 185
500 187
505 189
510 191
515 193
520 195
525 197
530 200
535 202
540 204
545 206
550 208
555 210
560 213
565 215
570 217
575 219
580 221
585 223
590 225
595 227
600 230
605 232
610 234
615 236
620 238
625 241
630 243
635 245
640 247
645 249
650 251
655 253
660 255
665 258
670 260
675 262
680 264
685 266
690 268
695 271
700 273
705 275
710 277
715 279
720 281
725 283
730 286
735 288
740 290
745 292
750 294
755 296
760 299
765 301
770 303
775 305
780 307
785 309
790 311
795 314
800 316
805 318
810 320
815 322
820 324
825 327
830 329
835 331
840 333
845 335
850 337
855 339
860 341
865 344
870 346
875 348
880 350
885 352
890 355
895 357
900 359
905 361
910 363
915 365
920 367
925 369
930 372
935 374
940 376
945 378
950 380
955 383
960 385
965 387
970 389
975 391
980 393
985 395
990 397
995 400
1000 402
1005 404
1010 406
1015 408
1020 410
1025 413
1030 415
1035 417
1040 419
1045 421
1050 423
1055 425
1060 428
1065 430
1070 432
1075 434
1080 436
1085 438
1090 440
1095 443
1100 445
1105 447
1110 449
1115 451
1120 453
1125 455
1130 458
1135 460
1140 462
1145 464
1150 466
1155 468
1160 471
1165 473
1170 475
1175 477
1180 479
1185 481
1190 483
1195 485
1200 488
1205 490
1210 492
1215 494
1220 496
1225 498
1230 501
1235 503
1240 505
1245 507
1250 509
1255 511
1260 513
1265 515
1270 518
1275 520
1280 522
1285 524
1290 526
1295 528
1300 531
1305 533
1310 535
1315 537
1320 539
1325 541
1330 543
1335 546
1340 548
1345 550
1350 552
1355 554
1360 556
1365 558
1370 561
1375 563
1380 565
1385 567
1390 569
1395 571
1400 573
1405 576
1410 578
1415 580
1420 582
1425 584
1430 586
1435 589
1440 591
1445 593
1450 595
1455 597
1460 599
1465 601
1470 604
1475 606
1480 608
1485 610
1490 612
1495 614
1500 617
1505 619
1510 621
1515 623
1520 625
1525 627
1530 629
1535 632
1540 634
1545 636
1550 638
1555 640
1560 642
1565 645
1570 647
1575 649
1580 651
1585 653
1590 655
1595 657
1600 660
1605 662
1610 664
1615 666
1620 668
1625 670
1630 673
1635 675
1640 677
1645 679
1650 681
1655 683
1660 685
1665 688
1670 690
1675 692
1680 694
1685 696
1690 698
1695 701
1700 703
1705 705
1710 707
1715 709
1720 711
1725 713
1730 716
1735 718
1740 720
1745 722
1750 724
1755 726
1760 728
1765 731
1770 733
1775 735
1780 737
1785 739
1790 741
1795 743
1800 746
1805 748
1810 750
1815 752
1820 754
1825 756
1830 759
1835 761
1840 763
1845 765
1850 767
1855 769
1860 771
1865 773
1870 776
1875 778
1880 780
1885 782
1890 784
1895 786
1900 789
1905 791
1910 793
1915 795
1920 797
1925 799
1930 801
1935 804
1940 806
1945 808
1950 810
1955 812
1960 814
1965 817
1970 819
1975 821
1980 823
1985 825
1990 827
1995 829
2000 831
2005 834
2010 836
2015 838
2020 840
2025 842
2030 844
2035 847
2040 849
2045 851
2050 853
2055 855
2060 857
2065 859
2070 862
2075 864
2080 866
2085 868
2090 870
2095 872
2100 874
2105 877
2110 879
2115 881
2120 883
2125 885
2130 887
2135 889
2140 891
2145 894
2150 896
2155 898
2160 900
2165 902
2170 905
2175 907
2180 909
2185 911
2190 913
2195 915
2200 917
2205 919
2210 922
2215 924
2220 926
2225 928
2230 930
2235 933
2240 935
2245 937
2250 939
2255 941
2260 943
2265 945
2270 947
2275 950
2280 952
2285 954
2290 956
2295 958
2300 961
2305 963
2310 965
2315 967
2320 969
2325 971
2330 973
2335 975
2340 978
2345 980
2350 982
2355 984
2360 986
2365 988
2370 991
2375 993
2380 995
2385 997
2390 999
2395 1001
2400 1003
2405 1006
2410 1008
2415 1010
2420 1012
2425 1014
2430 1016
2435 1018
2440 1021
2445 1023
2450 1025
2455 1027
2460 1029
2465 1031
2470 1033
2475 1036
2480 1038
2485 1040
2490 1042
2495 1044
2500 1046
2505 1049
2510 1051
2515 1053
2520 1055
2525 1057
2530 1059
2535 1061
2540 1063
2545 1066
2550 1068
2555 1070
2560 1072
2565 1074
2570 1077
2575 1079
2580 1081
2585 1083
2590 1085
2595 1087
2600 1089
2605 1091
2610 1094
2615 1096
2620 1098
2625 1100
2630 1102
2635 1104
2640 1107
2645 1109
2650 1111
2655 1113
2660 1115
2665 1117
2670 1119
2675 1121
2680 1124
2685 1126
2690 1128
2695 1130
2700 1132
2705 1134
2710 1137
2715 1139
2720 1141
2725 1143
2730 1145
2735 1147
2740 1149
2745 1152
2750 1154
2755 1156
2760 1158
2765 1160
2770 1162
2775 1165
2780 1167
2785 1169
2790 1171
2795 1173
2800 1175
2805 1177
2810 1180
2815 1182
2820 1184
2825 1186
2830 1188
2835 1190
2840 1193
2845 1195
2850 1197
2855 1199
2860 1201
2865 1203
2870 1205
2875 1208
2880 1210
2885 1212
2890 1214
2895 1216
2900 1218
2905 1221
2910 1223
2915 1225
2920 1227
2925 1229
2930 1231
2935 1233
2940 1235
2945 1238
2950 1240
2955 1242
2960 1244
2965 1246
2970 1248
2975 1251
2980 1253
2985 1255
2990 1257
2995 1259
3000 1261
3005 1263
3010 1266
3015 1268
3020 1270
3025 1272
3030 1274
3035 1276
3040 1278
3045 1281
3050 1283
3055 1285
3060 1287
3065 1289
3070 1291
3075 1293
3080 1296
3085 1298
3090 1300
3095 1302
3100 1304
3105 1306
3110 1309
3115 1311
3120 1313
3125 1315
3130 1317
3135 1319
3140 1321
3145 1323
3150 1326
3155 1328
3160 1330
3165 1332
3170 1334
3175 1336
3180 1339
3185 1341
3190 1343
3195 1345
3200 1347
3205 1349
3210 1351
3215 1353
3220 1356
3225 1358
3230 1360
3235 1362
3240 1364
3245 1367
3250 1369
3255 1371
3260 1373
3265 1375
3270 1377
3275 1379
3280 1381
3285 1384
3290 1386
3295 1388
3300 1390
3305 1392
3310 1394
3315 1397
3320 1399
3325 1401
3330 1403
3335 1405
3340 1407
3345 1409
3350 1412
3355 1414
3360 1416
3365 1418
3370 1420
3375 1422
3380 1425
3385 1427
3390 1429
3395 1431
3400 1433
3405 1435
3410 1437
3415 1440
3420 1442
3425 1444
3430 1446
3435 1448
3440 1450
3445 1453
3450 1455
3455 1457
3460 1459
3465 1461
3470 1463
3475 1465
3480 1468
3485 1470
3490 1472
3495 1474
