10 0
15 0
20 0
25 0
30 1
35 2
40 2
45 3
50 4
55 5
60 6
65 8
70 9
75 10
80 12
85 14
90 15
95 17
100 19
105 20
110 22
115 24
120 26
125 28
130 30
135 32
140 34
145 36
150 38
155 40
160 42
165 44
170 46
175 48
180 50
185 52
190 54
195 56
200 58
205 60
210 62
215 65
220 67
225 69
230 71
235 73
240 75
245 77
250 80
255 82
260 84
265 86
270 88
275 90
280 92
285 94
290 97
295 99
300 101
305 103
310 105
315 107
320 110
325 112
330 114
335 116
340 118
345 120
350 122
355 125
360 127
365 129
370 131
375 133
380 135
385 138
390 140
395 142
400 144
405 146
410 148
415 151
420 153
425 155
430 157
435 159
440 162
445 164
450 166
455 168
460 170
465 172
470 174
475 176
480 179
485 181
490 183
495 185
500 187
505 190
510 192
515 194
520 196
525 198
530 200
535 202
540 205
545 207
550 209
555 211
560 213
565 216
570 218
575 220
580 222
585 224
590 226
595 228
600 231
605 233
610 235
615 237
620 239
625 242
630 244
635 246
640 248
645 250
650 252
655 254
660 256
665 259
670 261
675 263
680 265
685 267
690 270
695 272
700 274
705 276
710 278
715 280
720 282
725 285
730 287
735 289
740 291
745 293
750 295
755 298
760 300
765 302
770 304
775 306
780 308
785 311
790 313
795 315
800 317
805 319
810 321
815 324
820 326
825 328
830 330
835 332
840 334
845 336
850 339
855 341
860 343
865 345
870 347
875 350
880 352
885 354
890 356
895 358
900 360
905 363
910 365
915 367
920 369
925 371
930 373
935 376
940 378
945 380
950 382
955 384
960 386
965 389
970 391
975 393
980 395
985 397
990 400
995 402
1000 404
1005 406
1010 408
1015 410
1020 412
1025 415
1030 417
1035 419
1040 421
1045 423
1050 426
1055 428
1060 430
1065 432
1070 434
1075 436
1080 438
1085 441
1090 443
1095 445
1100 447
1105 449
1110 452
1115 454
1120 456
1125 458
1130 460
1135 462
1140 464
1145 466
1150 469
1155 471
1160 473
1165 475
1170 477
1175 480
1180 482
1185 484
1190 486
1195 488
1200 490
1205 492
1210 495
1215 497
1220 499
1225 501
1230 503
1235 505
1240 508
1245 510
1250 512
1255 514
1260 516
1265 518
1270 520
1275 523
1280 525
1285 527
1290 529
1295 531
1300 534
1305 536
1310 538
1315 540
1320 542
1325 544
1330 546
1335 549
1340 551
1345 553
1350 555
1355 557
1360 560
1365 562
1370 564
1375 566
1380 568
1385 570
1390 572
1395 575
1400 577
1405 579
1410 581
1415 583
1420 585
1425 588
1430 590
1435 592
1440 594
1445 596
1450 598
1455 601
1460 603
1465 605
1470 607
1475 609
1480 611
1485 614
1490 616
1495 618
1500 620
1505 622
1510 624
1515 627
1520 629
1525 631
1530 633
1535 635
1540 638
1545 640
1550 642
1555 644
1560 646
1565 648
1570 650
1575 653
1580 655
1585 657
1590 659
1595 661
1600 664
1605 666
1610 668
1615 670
1620 672
1625 674
1630 676
1635 679
1640 681
1645 683
1650 685
1655 687
1660 690
1665 692
1670 694
1675 696
1680 698
1685 700
1690 702
1695 705
1700 707
1705 709
1710 711
1715 713
1720 716
1725 718
1730 720
1735 722
1740 724
1745 726
1750 728
1755 731
1760 733
1765 735
1770 737
1775 740
1780 742
1785 744
1790 746
1795 748
1800 750
1805 752
1810 754
1815 757
1820 759
1825 761
1830 763
1835 765
1840 768
1845 770
1850 772
1855 774
1860 776
1865 778
1870 780
1875 783
1880 785
1885 787
1890 789
1895 791
1900 794
1905 796
1910 798
1915 800
1920 802
1925 804
1930 806
1935 809
1940 811
1945 813
1950 815
1955 817
1960 819
1965 822
1970 824
1975 826
1980 828
1985 830
1990 832
1995 834
2000 837
2005 839
2010 841
2015 843
2020 845
2025 847
2030 850
2035 852
2040 854
2045 856
2050 858
2055 860
2060 863
2065 865
2070 867
2075 869
2080 871
2085 873
2090 876
2095 878
2100 880
2105 882
2110 884
2115 886
2120 889
2125 891
2130 893
2135 895
2140 897
2145 899
2150 902
2155 904
2160 906
2165 908
2170 910
2175 912
2180 915
2185 917
2190 919
2195 921
2200 923
2205 926
2210 928
2215 930
2220 932
2225 934
2230 936
2235 938
2240 941
2245 943
2250 945
2255 947
2260 949
2265 952
2270 954
2275 956
2280 958
2285 960
2290 962
2295 964
2300 967
2305 969
2310 971
2315 973
2320 975
2325 978
2330 980
2335 982
2340 984
2345 986
2350 988
2355 990
2360 993
2365 995
2370 997
2375 999
2380 1001
2385 1004
2390 1006
2395 1008
2400 1010
2405 1012
2410 1014
2415 1016
2420 1019
2425 1021
2430 1023
2435 1025
2440 1027
2445 1030
2450 1032
2455 1034
2460 1036
2465 1038
2470 1040
2475 1042
2480 1045
2485 1047
2490 1049
2495 1051
2500 1053
2505 1056
2510 1058
2515 1060
2520 1062
2525 1064
2530 1066
2535 1068
2540 1070
2545 1073
2550 1075
2555 1077
2560 1079
2565 1081
2570 1084
2575 1086
2580 1088
2585 1090
2590 1092
2595 1094
2600 1096
2605 1099
2610 1101
2615 1103
2620 1105
2625 1107
2630 1110
2635 1112
2640 1114
2645 1116
2650 1118
2655 1120
2660 1122
2665 1125
2670 1127
2675 1129
2680 1131
2685 1133
2690 1136
2695 1138
2700 1140
2705 1142
2710 1144
2715 1146
2720 1148
2725 1151
2730 1153
2735 1155
2740 1157
2745 1159
2750 1161
2755 1164
2760 1166
2765 1168
2770 1170
2775 1172
2780 1174
2785 1177
2790 1179
2795 1181
2800 1183
2805 1185
2810 1187
2815 1190
2820 1192
2825 1194
2830 1196
2835 1198
2840 1200
2845 1202
2850 1205
2855 1207
2860 1209
2865 1211
2870 1213
2875 1216
2880 1218
2885 1220
2890 1222
2895 1224
2900 1226
2905 1229
2910 1231
2915 1233
2920 1235
2925 1237
2930 1239
2935 1242
2940 1244
2945 1246
2950 1248
2955 1250
2960 1252
2965 1254
2970 1257
2975 1259
2980 1261
2985 1263
2990 1266
2995 1268
3000 1270
3005 1272
3010 1274
3015 1276
3020 1278
3025 1280
3030 1283
3035 1285
3040 1287
3045 1289
3050 1292
3055 1294
3060 1296
3065 1298
3070 1300
3075 1302
3080 1304
3085 1306
3090 1309
3095 1311
3100 1313
3105 1315
3110 1318
3115 1320
3120 1322
3125 1324
3130 1326
3135 1328
3140 1330
3145 1332
3150 1335
3155 1337
3160 1339
3165 1341
3170 1343
3175 1346
3180 1348
3185 1350
3190 1352
3195 1354
3200 1356
3205 1358
3210 1361
3215 1363
3220 1365
3225 1367
3230 1369
3235 1371
3240 1374
3245 1376
3250 1378
3255 1380
3260 1382
3265 1384
3270 1387
3275 1389
3280 1391
3285 1393
3290 1395
3295 1398
3300 1400
3305 1402
3310 1404
3315 1406
3320 1408
3325 1410
3330 1413
3335 1415
3340 1417
3345 1419
3350 1421
3355 1423
3360 1426
3365 1428
3370 1430
3375 1432
3380 1434
3385 1436
3390 1439
3395 1441
3400 1443
3405 1445
3410 1447
3415 1449
3420 1452
3425 1454
3430 1456
3435 1458
3440 1460
3445 1462
3450 1465
3455 1467
3460 1469
3465 1471
3470 1473
3475 1476
3480 1478
3485 1480
3490 1482
3495 1484
