10 0
15 1
20 1
25 1
30 2
35 2
40 3
45 4
50 5
55 6
60 7
65 9
70 10
75 11
80 13
85 15
90 16
95 18
100 20
105 21
110 23
115 25
120 27
125 29
130 31
135 33
140 35
145 37
150 39
155 41
160 43
165 45
170 47
175 49
180 51
185 53
190 55
195 57
200 59
205 62
210 64
215 66
220 68
225 70
230 72
235 75
240 77
245 79
250 81
255 83
260 85
265 87
270 89
275 91
280 94
285 96
290 98
295 100
300 103
305 105
310 107
315 109
320 111
325 113
330 115
335 118
340 120
345 122
350 124
355 126
360 129
365 131
370 133
375 135
380 137
385 139
390 141
395 144
400 146
405 148
410 150
415 152
420 155
425 157
430 159
435 161
440 163
445 165
450 168
455 170
460 172
465 174
470 176
475 178
480 181
485 183
490 185
495 187
500 189
505 191
510 194
515 196
520 198
525 200
530 202
535 204
540 207
545 209
550 211
555 213
560 215
565 217
570 220
575 222
580 224
585 226
590 228
595 230
600 233
605 235
610 237
615 239
620 241
625 243
630 246
635 248
640 250
645 252
650 254
655 257
660 259
665 261
670 263
675 265
680 267
685 269
690 272
695 274
700 276
705 278
710 280
715 283
720 285
725 287
730 289
735 291
740 293
745 295
750 298
755 300
760 302
765 304
770 306
775 309
780 311
785 313
790 315
795 317
800 319
805 322
810 324
815 326
820 328
825 330
830 333
835 335
840 337
845 339
850 341
855 343
860 345
865 348
870 350
875 352
880 354
885 356
890 359
895 361
900 363
905 365
910 367
915 369
920 371
925 374
930 376
935 378
940 380
945 382
950 385
955 387
960 389
965 391
970 393
975 395
980 398
985 400
990 402
995 404
1000 406
1005 409
1010 411
1015 413
1020 415
1025 417
1030 419
1035 421
1040 424
1045 426
1050 428
1055 430
1060 432
1065 435
1070 437
1075 439
1080 441
1085 443
1090 445
1095 447
1100 450
1105 452
1110 454
1115 456
1120 459
1125 461
1130 463
1135 465
1140 467
1145 469
1150 471
1155 474
1160 476
1165 478
1170 480
1175 482
1180 485
1185 487
1190 489
1195 491
1200 493
1205 495
1210 497
1215 500
1220 502
1225 504
1230 506
1235 509
1240 511
1245 513
1250 515
1255 517
1260 519
1265 521
1270 523
1275 526
1280 528
1285 530
1290 532
1295 535
1300 537
1305 539
1310 541
1315 543
1320 545
1325 547
1330 549
1335 552
1340 554
1345 556
1350 558
1355 561
1360 563
1365 565
1370 567
1375 569
1380 571
1385 573
1390 576
1395 578
1400 580
1405 582
1410 584
1415 587
1420 589
1425 591
1430 593
1435 595
1440 597
1445 599
1450 602
1455 604
1460 606
1465 608
1470 610
1475 613
1480 615
1485 617
1490 619
1495 621
1500 623
1505 626
1510 628
1515 630
1520 632
1525 634
1530 637
1535 639
1540 641
1545 643
1550 645
1555 647
1560 649
1565 652
1570 654
1575 656
1580 658
1585 660
1590 663
1595 665
1600 667
1605 669
1610 671
1615 673
1620 676
1625 678
1630 680
1635 682
1640 684
1645 687
1650 689
1655 691
1660 693
1665 695
1670 697
1675 700
1680 702
1685 704
1690 706
1695 708
1700 710
1705 713
1710 715
1715 717
1720 719
1725 721
1730 723
1735 726
1740 728
1745 730
1750 732
1755 734
1760 736
1765 739
1770 741
1775 743
1780 745
1785 747
1790 749
1795 752
1800 754
1805 756
1810 758
1815 760
1820 762
1825 765
1830 767
1835 769
1840 771
1845 773
1850 775
1855 778
1860 780
1865 782
1870 784
1875 786
1880 788
1885 791
1890 793
1895 795
1900 797
1905 799
1910 801
1915 803
1920 806
1925 808
1930 810
1935 812
1940 814
1945 817
1950 819
1955 821
1960 823
1965 825
1970 827
1975 829
1980 832
1985 834
1990 836
1995 838
2000 841
2005 843
2010 845
2015 847
2020 849
2025 851
2030 853
2035 856
2040 858
2045 860
2050 862
2055 864
2060 867
2065 869
2070 871
2075 873
2080 875
2085 877
2090 879
2095 882
2100 884
2105 886
2110 888
2115 891
2120 893
2125 895
2130 897
2135 899
2140 901
2145 903
2150 905
2155 908
2160 910
2165 912
2170 914
2175 917
2180 919
2185 921
2190 923
2195 925
2200 927
2205 929
2210 931
2215 934
2220 936
2225 938
2230 940
2235 943
2240 945
2245 947
2250 949
2255 951
2260 953
2265 955
2270 958
2275 960
2280 962
2285 964
2290 967
2295 969
2300 971
2305 973
2310 975
2315 977
2320 979
2325 982
2330 984
2335 986
2340 988
2345 990
2350 993
2355 995
2360 997
2365 999
2370 1001
2375 1003
2380 1005
2385 1008
2390 1010
2395 1012
2400 1014
2405 1017
2410 1019
2415 1021
2420 1023
2425 1025
2430 1027
2435 1029
2440 1032
2445 1034
2450 1036
2455 1038
2460 1040
2465 1042
2470 1045
2475 1047
2480 1049
2485 1051
2490 1053
2495 1055
2500 1058
2505 1060
2510 1062
2515 1064
2520 1066
2525 1069
2530 1071
2535 1073
2540 1075
2545 1077
2550 1079
2555 1081
2560 1084
2565 1086
2570 1088
2575 1090
2580 1092
2585 1094
2590 1097
2595 1099
2600 1101
2605 1103
2610 1105
2615 1107
2620 1110
2625 1112
2630 1114
2635 1116
2640 1118
2645 1120
2650 1123
2655 1125
2660 1127
2665 1129
2670 1131
2675 1133
2680 1135
2685 1138
2690 1140
2695 1142
2700 1144
2705 1146
2710 1149
2715 1151
2720 1153
2725 1155
2730 1157
2735 1159
2740 1161
2745 1164
2750 1166
2755 1168
2760 1170
2765 1172
2770 1175
2775 1177
2780 1179
2785 1181
2790 1183
2795 1185
2800 1188
2805 1190
2810 1192
2815 1194
2820 1196
2825 1199
2830 1201
2835 1203
2840 1205
2845 1207
2850 1209
2855 1211
2860 1214
2865 1216
2870 1218
2875 1220
2880 1223
2885 1225
2890 1227
2895 1229
2900 1231
2905 1233
2910 1235
2915 1238
2920 1240
2925 1242
2930 1244
2935 1247
2940 1249
2945 1251
2950 1253
2955 1255
2960 1257
2965 1259
2970 1262
2975 1264
2980 1266
2985 1268
2990 1270
2995 1273
3000 1275
3005 1277
3010 1279
3015 1281
3020 1283
3025 1285
3030 1288
3035 1290
3040 1292
3045 1294
3050 1296
3055 1299
3060 1301
3065 1303
3070 1305
3075 1307
3080 1309
3085 1311
3090 1314
3095 1316
3100 1318
3105 1320
3110 1322
3115 1325
3120 1327
3125 1329
3130 1331
3135 1333
3140 1335
3145 1337
3150 1340
3155 1342
3160 1344
3165 1346
3170 1349
3175 1351
3180 1353
3185 1355
3190 1357
3195 1359
3200 1361
3205 1363
3210 1366
3215 1368
3220 1370
3225 1372
3230 1374
3235 1377
3240 1379
3245 1381
3250 1383
3255 1385
3260 1387
3265 1389
3270 1392
3275 1394
3280 1396
3285 1398
3290 1400
3295 1403
3300 1405
3305 1407
3310 1409
3315 1411
3320 1413
3325 1416
3330 1418
3335 1420
3340 1422
3345 1424
3350 1426
3355 1429
3360 1431
3365 1433
3370 1435
3375 1437
3380 1439
3385 1441
3390 1444
3395 1446
3400 1448
3405 1450
3410 1452
3415 1455
3420 1457
3425 1459
3430 1461
3435 1463
3440 1465
3445 1468
3450 1470
3455 1472
3460 1474
3465 1476
3470 1478
3475 1481
3480 1483
3485 1485
3490 1487
3495 1489
