10 0
15 0
20 0
25 1
30 1
35 2
40 3
45 3
50 5
55 6
60 7
65 8
70 10
75 11
80 13
85 14
90 16
95 17
100 19
105 21
110 23
115 25
120 27
125 29
130 30
135 32
140 34
145 36
150 38
155 40
160 42
165 44
170 46
175 48
180 51
185 53
190 55
195 57
200 59
205 61
210 63
215 65
220 67
225 69
230 72
235 74
240 76
245 78
250 80
255 82
260 85
265 87
270 89
275 91
280 93
285 95
290 97
295 99
300 102
305 104
310 106
315 108
320 110
325 112
330 115
335 117
340 119
345 121
350 123
355 125
360 127
365 130
370 132
375 134
380 136
385 138
390 140
395 143
400 145
405 147
410 149
415 151
420 153
425 156
430 158
435 160
440 162
445 164
450 166
455 169
460 171
465 173
470 175
475 177
480 179
485 181
490 184
495 186
500 188
505 190
510 192
515 195
520 197
525 199
530 201
535 203
540 205
545 207
550 210
555 212
560 214
565 216
570 218
575 221
580 223
585 225
590 227
595 229
600 231
605 233
610 236
615 238
620 240
625 242
630 244
635 247
640 249
645 251
650 253
655 255
660 257
665 259
670 262
675 264
680 266
685 268
690 270
695 272
700 275
705 277
710 279
715 281
720 283
725 285
730 287
735 290
740 292
745 294
750 296
755 298
760 301
765 303
770 305
775 307
780 309
785 311
790 313
795 316
800 318
805 320
810 322
815 324
820 326
825 329
830 331
835 333
840 335
845 337
850 339
855 342
860 344
865 346
870 348
875 350
880 352
885 355
890 357
895 359
900 361
905 363
910 365
915 368
920 370
925 372
930 374
935 376
940 378
945 381
950 383
955 385
960 387
965 389
970 391
975 394
980 396
985 398
990 400
995 402
1000 404
1005 407
1010 409
1015 411
1020 413
1025 415
1030 417
1035 420
1040 422
1045 424
1050 426
1055 428
1060 430
1065 433
1070 435
1075 437
1080 439
1085 441
1090 443
1095 445
1100 448
1105 450
1110 452
1115 454
1120 456
1125 459
1130 461
1135 463
1140 465
1145 467
1150 469
1155 471
1160 473
1165 476
1170 478
1175 480
1180 482
1185 485
1190 487
1195 489
1200 491
1205 493
1210 495
1215 497
1220 499
1225 502
1230 504
1235 506
1240 508
1245 510
1250 513
1255 515
1260 517
1265 519
1270 521
1275 523
1280 525
1285 528
1290 530
1295 532
1300 534
1305 536
1310 539
1315 541
1320 543
1325 545
1330 547
1335 549
1340 551
1345 554
1350 556
1355 558
1360 560
1365 562
1370 565
1375 567
1380 569
1385 571
1390 573
1395 575
1400 577
1405 580
1410 582
1415 584
1420 586
1425 588
1430 591
1435 593
1440 595
1445 597
1450 599
1455 601
1460 603
1465 606
1470 608
1475 610
1480 612
1485 614
1490 617
1495 619
1500 621
1505 623
1510 625
1515 627
1520 629
1525 632
1530 634
1535 636
1540 638
1545 640
1550 643
1555 645
1560 647
1565 649
1570 651
1575 653
1580 655
1585 658
1590 660
1595 662
1600 664
1605 666
1610 668
1615 671
1620 673
1625 675
1630 677
1635 679
1640 681
1645 684
1650 686
1655 688
1660 690
1665 692
1670 694
1675 697
1680 699
1685 701
1690 703
1695 705
1700 707
1705 710
1710 712
1715 714
1720 716
1725 718
1730 720
1735 723
1740 725
1745 727
1750 729
1755 731
1760 733
1765 735
1770 738
1775 740
1780 742
1785 744
1790 746
1795 749
1800 751
1805 753
1810 755
1815 757
1820 759
1825 761
1830 764
1835 766
1840 768
1845 770
1850 772
1855 775
1860 777
1865 779
1870 781
1875 783
1880 785
1885 787
1890 789
1895 792
1900 794
1905 796
1910 798
1915 801
1920 803
1925 805
1930 807
1935 809
1940 811
1945 813
1950 815
1955 818
1960 820
1965 822
1970 824
1975 826
1980 829
1985 831
1990 833
1995 835
2000 837
2005 839
2010 841
2015 844
2020 846
2025 848
2030 850
2035 852
2040 855
2045 857
2050 859
2055 861
2060 863
2065 865
2070 867
2075 870
2080 872
2085 874
2090 876
2095 878
2100 880
2105 883
2110 885
2115 887
2120 889
2125 891
2130 893
2135 896
2140 898
2145 900
2150 902
2155 904
2160 907
2165 909
2170 911
2175 913
2180 915
2185 917
2190 919
2195 922
2200 924
2205 926
2210 928
2215 930
2220 933
2225 935
2230 937
2235 939
2240 941
2245 943
2250 946
2255 948
2260 950
2265 952
2270 954
2275 956
2280 959
2285 961
2290 963
2295 965
2300 967
2305 969
2310 971
2315 974
2320 976
2325 978
2330 980
2335 982
2340 985
2345 987
2350 989
2355 991
2360 993
2365 995
2370 997
2375 1000
2380 1002
2385 1004
2390 1006
2395 1008
2400 1011
2405 1013
2410 1015
2415 1017
2420 1019
2425 1021
2430 1023
2435 1026
2440 1028
2445 1030
2450 1032
2455 1034
2460 1036
2465 1039
2470 1041
2475 1043
2480 1045
2485 1047
2490 1049
2495 1051
2500 1054
2505 1056
2510 1058
2515 1060
2520 1062
2525 1065
2530 1067
2535 1069
2540 1071
2545 1073
2550 1075
2555 1077
2560 1080
2565 1082
2570 1084
2575 1086
2580 1088
2585 1091
2590 1093
2595 1095
2600 1097
2605 1099
2610 1101
2615 1103
2620 1105
2625 1108
2630 1110
2635 1112
2640 1114
2645 1117
2650 1119
2655 1121
2660 1123
2665 1125
2670 1127
2675 1129
2680 1131
2685 1134
2690 1136
2695 1138
2700 1140
2705 1142
2710 1145
2715 1147
2720 1149
2725 1151
2730 1153
2735 1155
2740 1158
2745 1160
2750 1162
2755 1164
2760 1166
2765 1168
2770 1171
2775 1173
2780 1175
2785 1177
2790 1179
2795 1181
2800 1184
2805 1186
2810 1188
2815 1190
2820 1192
2825 1195
2830 1197
2835 1199
2840 1201
2845 1203
2850 1205
2855 1207
2860 1210
2865 1212
2870 1214
2875 1216
2880 1218
2885 1221
2890 1223
2895 1225
2900 1227
2905 1229
2910 1231
2915 1233
2920 1236
2925 1238
2930 1240
2935 1242
2940 1244
2945 1246
2950 1249
2955 1251
2960 1253
2965 1255
2970 1257
2975 1259
2980 1262
2985 1264
2990 1266
2995 1268
3000 1270
3005 1272
3010 1275
3015 1277
3020 1279
3025 1281
3030 1283
3035 1285
3040 1287
3045 1290
3050 1292
3055 1294
3060 1296
3065 1298
3070 1301
3075 1303
3080 1305
3085 1307
3090 1309
3095 1311
3100 1313
3105 1316
3110 1318
3115 1320
3120 1322
3125 1324
3130 1327
3135 1329
3140 1331
3145 1333
3150 1335
3155 1337
3160 1339
3165 1342
3170 1344
3175 1346
3180 1348
3185 1350
3190 1353
3195 1355
3200 1357
3205 1359
3210 1361
3215 1363
3220 1365
3225 1367
3230 1370
3235 1372
3240 1374
3245 1376
3250 1378
3255 1381
3260 1383
3265 1385
3270 1387
3275 1389
3280 1391
3285 1393
3290 1396
3295 1398
3300 1400
3305 1402
3310 1404
3315 1407
3320 1409
3325 1411
3330 1413
3335 1415
3340 1417
3345 1419
3350 1422
3355 1424
3360 1426
3365 1428
3370 1430
3375 1433
3380 1435
3385 1437
3390 1439
3395 1441
3400 1443
3405 1445
3410 1448
3415 1450
3420 1452
3425 1454
3430 1456
3435 1459
3440 1461
3445 1463
3450 1465
3455 1467
3460 1469
3465 1471
3470 1474
3475 1476
3480 1478
3485 1480
3490 1482
3495 1485
