10 0
15 0
20 0
25 1
30 1
35 2
40 3
45 3
50 4
55 5
60 7
65 8
70 9
75 11
80 12
85 14
90 16
95 17
100 19
105 21
110 23
115 25
120 26
125 28
130 30
135 32
140 34
145 36
150 38
155 40
160 42
165 44
170 46
175 48
180 50
185 52
190 55
195 57
200 59
205 61
210 63
215 65
220 67
225 69
230 71
235 73
240 75
245 78
250 80
255 82
260 84
265 86
270 88
275 91
280 93
285 95
290 97
295 99
300 101
305 103
310 105
315 108
320 110
325 112
330 114
335 116
340 119
345 121
350 123
355 125
360 127
365 129
370 131
375 133
380 136
385 138
390 140
395 142
400 145
405 147
410 149
415 151
420 153
425 155
430 157
435 159
440 162
445 164
450 166
455 168
460 170
465 173
470 175
475 177
480 179
485 181
490 183
495 185
500 188
505 190
510 192
515 194
520 196
525 199
530 201
535 203
540 205
545 207
550 209
555 211
560 214
565 216
570 218
575 220
580 222
585 224
590 227
595 229
600 231
605 233
610 235
615 237
620 239
625 242
630 244
635 246
640 248
645 250
650 252
655 255
660 257
665 259
670 261
675 263
680 265
685 267
690 270
695 272
700 274
705 276
710 278
715 281
720 283
725 285
730 287
735 289
740 291
745 293
750 296
755 298
760 300
765 302
770 304
775 307
780 309
785 311
790 313
795 315
800 317
805 319
810 322
815 324
820 326
825 328
830 330
835 333
840 335
845 337
850 339
855 341
860 343
865 345
870 348
875 350
880 352
885 354
890 356
895 359
900 361
905 363
910 365
915 367
920 369
925 371
930 374
935 376
940 378
945 380
950 383
955 385
960 387
965 389
970 391
975 393
980 395
985 397
990 400
995 402
1000 404
1005 406
1010 409
1015 411
1020 413
1025 415
1030 417
1035 419
1040 421
1045 423
1050 426
1055 428
1060 430
1065 432
1070 434
1075 437
1080 439
1085 441
1090 443
1095 445
1100 447
1105 449
1110 452
1115 454
1120 456
1125 458
1130 460
1135 462
1140 465
1145 467
1150 469
1155 471
1160 473
1165 475
1170 477
1175 480
1180 482
1185 484
1190 486
1195 488
1200 490
1205 493
1210 495
1215 497
1220 499
1225 501
1230 503
1235 505
1240 508
1245 510
1250 512
1255 514
1260 516
1265 519
1270 521
1275 523
1280 525
1285 527
1290 529
1295 531
1300 534
1305 536
1310 538
1315 540
1320 542
1325 545
1330 547
1335 549
1340 551
1345 553
1350 555
1355 557
1360 560
1365 562
1370 564
1375 566
1380 568
1385 571
1390 573
1395 575
1400 577
1405 579
1410 581
1415 583
1420 586
1425 588
1430 590
1435 592
1440 594
1445 597
1450 599
1455 601
1460 603
1465 605
1470 607
1475 609
1480 612
1485 614
1490 616
1495 618
1500 620
1505 623
1510 625
1515 627
1520 629
1525 631
1530 633
1535 635
1540 638
1545 640
1550 642
1555 644
1560 647
1565 649
1570 651
1575 653
1580 655
1585 657
1590 659
1595 662
1600 664
1605 666
1610 668
1615 670
1620 673
1625 675
1630 677
1635 679
1640 681
1645 683
1650 685
1655 688
1660 690
1665 692
1670 694
1675 696
1680 699
1685 701
1690 703
1695 705
1700 707
1705 709
1710 711
1715 714
1720 716
1725 718
1730 720
1735 723
1740 725
1745 727
1750 729
1755 731
1760 733
1765 735
1770 737
1775 740
1780 742
1785 744
1790 746
1795 748
1800 751
1805 753
1810 755
1815 757
1820 759
1825 761
1830 763
1835 766
1840 768
1845 770
1850 772
1855 774
1860 776
1865 779
1870 781
1875 783
1880 785
1885 787
1890 789
1895 791
1900 794
1905 796
1910 798
1915 800
1920 802
1925 804
1930 807
1935 809
1940 811
1945 813
1950 815
1955 817
1960 819
1965 822
1970 824
1975 826
1980 828
1985 830
1990 833
1995 835
2000 837
2005 839
2010 841
2015 843
2020 845
2025 848
2030 850
2035 852
2040 854
2045 856
2050 858
2055 861
2060 863
2065 865
2070 867
2075 869
2080 871
2085 873
2090 876
2095 878
2100 880
2105 882
2110 885
2115 887
2120 889
2125 891
2130 893
2135 895
2140 897
2145 900
2150 902
2155 904
2160 906
2165 908
2170 911
2175 913
2180 915
2185 917
2190 919
2195 921
2200 923
2205 926
2210 928
2215 930
2220 932
2225 934
2230 937
2235 939
2240 941
2245 943
2250 945
2255 947
2260 949
2265 952
2270 954
2275 956
2280 958
2285 960
2290 963
2295 965
2300 967
2305 969
2310 971
2315 973
2320 975
2325 978
2330 980
2335 982
2340 984
2345 986
2350 989
2355 991
2360 993
2365 995
2370 997
2375 999
2380 1001
2385 1004
2390 1006
2395 1008
2400 1010
2405 1012
2410 1015
2415 1017
2420 1019
2425 1021
2430 1023
2435 1025
2440 1027
2445 1030
2450 1032
2455 1034
2460 1036
2465 1038
2470 1041
2475 1043
2480 1045
2485 1047
2490 1049
2495 1051
2500 1053
2505 1056
2510 1058
2515 1060
2520 1062
2525 1064
2530 1067
2535 1069
2540 1071
2545 1073
2550 1075
2555 1077
2560 1079
2565 1082
2570 1084
2575 1086
2580 1088
2585 1090
2590 1093
2595 1095
2600 1097
2605 1099
2610 1101
2615 1103
2620 1105
2625 1108
2630 1110
2635 1112
2640 1114
2645 1116
2650 1119
2655 1121
2660 1123
2665 1125
2670 1127
2675 1129
2680 1131
2685 1133
2690 1136
2695 1138
2700 1140
2705 1142
2710 1144
2715 1147
2720 1149
2725 1151
2730 1153
2735 1155
2740 1157
2745 1159
2750 1162
2755 1164
2760 1166
2765 1168
2770 1170
2775 1173
2780 1175
2785 1177
2790 1179
2795 1181
2800 1183
2805 1185
2810 1187
2815 1190
2820 1192
2825 1194
2830 1196
2835 1198
2840 1201
2845 1203
2850 1205
2855 1207
2860 1209
2865 1211
2870 1213
2875 1216
2880 1218
2885 1220
2890 1222
2895 1225
2900 1227
2905 1229
2910 1231
2915 1233
2920 1235
2925 1237
2930 1240
2935 1242
2940 1244
2945 1246
2950 1248
2955 1251
2960 1253
2965 1255
2970 1257
2975 1259
2980 1261
2985 1263
2990 1266
2995 1268
3000 1270
3005 1272
3010 1274
3015 1277
3020 1279
3025 1281
3030 1283
3035 1285
3040 1287
3045 1289
3050 1292
3055 1294
3060 1296
3065 1298
3070 1300
3075 1302
3080 1305
3085 1307
3090 1309
3095 1311
3100 1313
3105 1315
3110 1318
3115 1320
3120 1322
3125 1324
3130 1326
3135 1328
3140 1331
3145 1333
3150 1335
3155 1337
3160 1339
3165 1341
3170 1343
3175 1346
3180 1348
3185 1350
3190 1352
3195 1354
3200 1357
3205 1359
3210 1361
3215 1363
3220 1365
3225 1367
3230 1369
3235 1372
3240 1374
3245 1376
3250 1378
3255 1380
3260 1383
3265 1385
3270 1387
3275 1389
3280 1391
3285 1393
3290 1395
3295 1398
3300 1400
3305 1402
3310 1404
3315 1406
3320 1409
3325 1411
3330 1413
3335 1415
3340 1417
3345 1419
3350 1421
3355 1424
3360 1426
3365 1428
3370 1430
3375 1432
3380 1435
3385 1437
3390 1439
3395 1441
3400 1443
3405 1445
3410 1448
3415 1450
3420 1452
3425 1454
3430 1456
3435 1458
3440 1461
3445 1463
3450 1465
3455 1467
3460 1469
3465 1471
3470 1474
3475 1476
3480 1478
3485 1480
3490 1482
3495 1485
