10 0
15 0
20 1
25 1
30 2
35 2
40 3
45 4
50 5
55 6
60 7
65 8
70 10
75 11
80 13
85 14
90 16
95 18
100 19
105 21
110 23
115 25
120 27
125 28
130 30
135 32
140 34
145 36
150 38
155 40
160 42
165 44
170 46
175 48
180 50
185 52
190 55
195 57
200 59
205 61
210 63
215 65
220 67
225 69
230 71
235 73
240 76
245 78
250 80
255 82
260 84
265 86
270 88
275 90
280 93
285 95
290 97
295 99
300 101
305 103
310 105
315 107
320 110
325 112
330 114
335 116
340 118
345 120
350 122
355 124
360 127
365 129
370 131
375 133
380 135
385 138
390 140
395 142
400 144
405 146
410 148
415 150
420 152
425 155
430 157
435 159
440 161
445 163
450 165
455 168
460 170
465 172
470 174
475 176
480 178
485 180
490 183
495 185
500 187
505 189
510 191
515 193
520 195
525 198
530 200
535 202
540 204
545 206
550 208
555 210
560 213
565 215
570 217
575 219
580 221
585 223
590 226
595 228
600 230
605 232
610 234
615 236
620 238
625 240
630 243
635 245
640 247
645 249
650 251
655 253
660 256
665 258
670 260
675 262
680 264
685 266
690 268
695 270
700 273
705 275
710 277
715 279
720 281
725 283
730 286
735 288
740 290
745 292
750 294
755 296
760 298
765 300
770 303
775 305
780 307
785 309
790 311
795 313
800 316
805 318
810 320
815 322
820 324
825 326
830 328
835 331
840 333
845 335
850 337
855 339
860 341
865 343
870 346
875 348
880 350
885 352
890 354
895 356
900 359
905 361
910 363
915 365
920 367
925 369
930 371
935 374
940 376
945 378
950 380
955 382
960 384
965 386
970 389
975 391
980 393
985 395
990 397
995 399
1000 402
1005 404
1010 406
1015 408
1020 410
1025 412
1030 414
1035 417
1040 419
1045 421
1050 423
1055 425
1060 427
1065 430
1070 432
1075 434
1080 436
1085 438
1090 440
1095 442
1100 444
1105 447
1110 449
1115 451
1120 453
1125 455
1130 457
1135 459
1140 462
1145 464
1150 466
1155 468
1160 470
1165 472
1170 474
1175 476
1180 479
1185 481
1190 483
1195 485
1200 487
1205 489
1210 492
1215 494
1220 496
1225 498
1230 500
1235 502
1240 504
1245 506
1250 509
1255 511
1260 513
1265 515
1270 517
1275 519
1280 522
1285 524
1290 526
1295 528
1300 530
1305 532
1310 534
1315 536
1320 539
1325 541
1330 543
1335 545
1340 547
1345 549
1350 552
1355 554
1360 556
1365 558
1370 560
1375 562
1380 564
1385 566
1390 569
1395 571
1400 573
1405 575
1410 577
1415 579
1420 581
1425 584
1430 586
1435 588
1440 590
1445 592
1450 594
1455 596
1460 599
1465 601
1470 603
1475 605
1480 607
1485 609
1490 612
1495 614
1500 616
1505 618
1510 620
1515 622
1520 624
1525 626
1530 629
1535 631
1540 633
1545 635
1550 637
1555 640
1560 642
1565 644
1570 646
1575 648
1580 650
1585 652
1590 654
1595 657
1600 659
1605 661
1610 663
1615 665
1620 667
1625 670
1630 672
1635 674
1640 676
1645 678
1650 680
1655 682
1660 685
1665 687
1670 689
1675 691
1680 693
1685 695
1690 697
1695 700
1700 702
1705 704
1710 706
1715 708
1720 710
1725 712
1730 715
1735 717
1740 719
1745 721
1750 723
1755 725
1760 728
1765 730
1770 732
1775 734
1780 736
1785 738
1790 740
1795 742
1800 745
1805 747
1810 749
1815 751
1820 753
1825 755
1830 758
1835 760
1840 762
1845 764
1850 766
1855 768
1860 770
1865 772
1870 775
1875 777
1880 779
1885 781
1890 783
1895 786
1900 788
1905 790
1910 792
1915 794
1920 796
1925 798
1930 800
1935 802
1940 805
1945 807
1950 809
1955 811
1960 813
1965 815
1970 818
1975 820
1980 822
1985 824
1990 826
1995 828
2000 830
2005 832
2010 835
2015 837
2020 839
2025 841
2030 843
2035 845
2040 847
2045 850
2050 852
2055 854
2060 856
2065 858
2070 860
2075 862
2080 865
2085 867
2090 869
2095 871
2100 873
2105 875
2110 878
2115 880
2120 882
2125 884
2130 886
2135 888
2140 890
2145 892
2150 895
2155 897
2160 899
2165 901
2170 903
2175 906
2180 908
2185 910
2190 912
2195 914
2200 916
2205 918
2210 920
2215 923
2220 925
2225 927
2230 929
2235 931
2240 933
2245 936
2250 938
2255 940
2260 942
2265 944
2270 946
2275 948
2280 951
2285 953
2290 955
2295 957
2300 959
2305 961
2310 964
2315 966
2320 968
2325 970
2330 972
2335 974
2340 976
2345 979
2350 981
2355 983
2360 985
2365 987
2370 989
2375 992
2380 994
2385 996
2390 998
2395 1000
2400 1002
2405 1004
2410 1006
2415 1009
2420 1011
2425 1013
2430 1015
2435 1017
2440 1019
2445 1022
2450 1024
2455 1026
2460 1028
2465 1030
2470 1032
2475 1034
2480 1036
2485 1039
2490 1041
2495 1043
2500 1045
2505 1047
2510 1050
2515 1052
2520 1054
2525 1056
2530 1058
2535 1060
2540 1062
2545 1064
2550 1067
2555 1069
2560 1071
2565 1073
2570 1075
2575 1077
2580 1080
2585 1082
2590 1084
2595 1086
2600 1088
2605 1090
2610 1092
2615 1095
2620 1097
2625 1099
2630 1101
2635 1103
2640 1105
2645 1107
2650 1110
2655 1112
2660 1114
2665 1116
2670 1118
2675 1120
2680 1122
2685 1125
2690 1127
2695 1129
2700 1131
2705 1133
2710 1135
2715 1138
2720 1140
2725 1142
2730 1144
2735 1146
2740 1148
2745 1150
2750 1152
2755 1155
2760 1157
2765 1159
2770 1161
2775 1163
2780 1166
2785 1168
2790 1170
2795 1172
2800 1174
2805 1176
2810 1178
2815 1180
2820 1182
2825 1185
2830 1187
2835 1189
2840 1191
2845 1193
2850 1196
2855 1198
2860 1200
2865 1202
2870 1204
2875 1206
2880 1208
2885 1210
2890 1213
2895 1215
2900 1217
2905 1219
2910 1221
2915 1223
2920 1226
2925 1228
2930 1230
2935 1232
2940 1234
2945 1236
2950 1238
2955 1241
2960 1243
2965 1245
2970 1247
2975 1249
2980 1251
2985 1253
2990 1256
2995 1258
3000 1260
3005 1262
3010 1264
3015 1266
3020 1268
3025 1271
3030 1273
3035 1275
3040 1277
3045 1279
3050 1281
3055 1284
3060 1286
3065 1288
3070 1290
3075 1292
3080 1294
3085 1296
3090 1298
3095 1301
3100 1303
3105 1305
3110 1307
3115 1309
3120 1311
3125 1314
3130 1316
3135 1318
3140 1320
3145 1322
3150 1324
3155 1326
3160 1328
3165 1331
3170 1333
3175 1335
3180 1337
3185 1339
3190 1341
3195 1344
3200 1346
3205 1348
3210 1350
3215 1352
3220 1354
3225 1356
3230 1359
3235 1361
3240 1363
3245 1365
3250 1367
3255 1369
3260 1371
3265 1374
3270 1376
3275 1378
3280 1380
3285 1382
3290 1384
3295 1386
3300 1389
3305 1391
3310 1393
3315 1395
3320 1397
3325 1399
3330 1402
3335 1404
3340 1406
3345 1408
3350 1410
3355 1412
3360 1414
3365 1416
3370 1419
3375 1421
3380 1423
3385 1425
3390 1427
3395 1429
3400 1432
3405 1434
3410 1436
3415 1438
3420 1440
3425 1442
3430 1444
3435 1447
3440 1449
3445 1451
3450 1453
3455 1455
3460 1457
3465 1460
3470 1462
3475 1464
3480 1466
3485 1468
3490 1470
3495 1472
