10 0
10 0
10 -1
15 0
15 0
15 -1
20 0
20 0
20 -1
25 0
25 0
25 -1
30 1
30 1
30 -1
35 1
35 1
35 26
40 2
40 2
40 -1
45 3
45 2
45 -1
50 4
50 3
50 -1
55 5
55 4
55 -1
60 6
60 5
60 -1
65 7
65 6
65 -1
70 8
70 7
70 -1
75 9
75 8
75 -1
80 11
80 9
80 -1
85 12
85 10
85 -1
90 13
90 11
90 -1
95 15
95 12
95 -1
100 16
100 13
100 -1
105 17
105 14
105 -1
110 19
110 16
110 -1
115 20
115 17
115 -1
120 21
120 18
120 -1
125 23
125 19
125 -1
130 24
130 21
130 -1
135 26
135 22
135 -1
140 27
140 23
140 -1
145 29
145 25
145 -1
150 30
150 26
150 -1
155 32
155 28
155 -1
160 33
160 29
160 -1
165 35
165 31
165 -1
170 37
170 32
170 -1
175 38
175 34
175 -1
180 40
180 35
180 -1
185 42
185 37
185 -1
190 43
190 39
190 -1
195 45
195 41
195 -1
200 47
200 42
200 -1
205 48
205 44
205 -1
210 50
210 46
210 -1
215 52
215 47
215 -1
220 54
220 49
220 -1
225 55
225 51
225 -1
230 57
230 53
230 -1
235 59
235 54
235 36
240 61
240 56
240 -1
245 62
245 58
245 -1
250 64
250 60
250 -1
255 66
255 61
255 -1
260 67
260 63
260 -1
265 69
265 65
265 -1
270 71
270 67
270 -1
275 72
275 69
275 -1
280 74
280 70
280 -1
285 76
285 72
285 -1
290 77
290 74
290 -1
295 79
295 76
295 -1
300 81
300 77
300 -1
305 82
305 79
305 -1
310 84
310 81
310 -1
315 86
315 83
315 -1
320 87
320 84
320 -1
325 89
325 86
325 -1
330 91
330 88
330 -1
335 93
335 90
335 -1
340 94
340 91
340 -1
345 96
345 93
345 -1
350 98
350 95
350 -1
355 100
355 97
355 -1
360 101
360 99
360 -1
365 103
365 100
365 -1
370 105
370 102
370 -1
375 107
375 104
375 -1
380 109
380 106
380 -1
385 110
385 107
385 -1
390 112
390 109
390 -1
395 114
395 111
395 -1
400 116
400 113
400 -1
405 118
405 114
405 -1
410 119
410 116
410 -1
415 121
415 118
415 -1
420 123
420 119
420 -1
425 125
425 121
425 -1
430 126
430 123
430 -1
435 128
435 125
435 36
440 130
440 127
440 -1
445 132
445 128
445 -1
450 133
450 130
450 -1
455 135
455 132
455 -1
460 137
460 134
460 -1
465 139
465 135
465 -1
470 141
470 137
470 -1
475 142
475 139
475 -1
480 144
480 141
480 -1
485 146
485 142
485 -1
490 148
490 144
490 -1
495 149
495 146
495 -1
500 151
500 148
500 -1
505 153
505 149
505 -1
510 155
510 151
510 -1
515 157
515 153
515 -1
520 158
520 155
520 -1
525 160
525 157
525 -1
530 162
530 158
530 -1
535 164
535 160
535 -1
540 165
540 162
540 -1
545 167
545 164
545 -1
550 169
550 165
550 -1
555 171
555 167
555 -1
560 173
560 169
560 -1
565 174
565 171
565 -1
570 176
570 172
570 -1
575 178
575 174
575 -1
580 180
580 176
580 -1
585 181
585 178
585 -1
590 183
590 179
590 -1
595 185
595 181
595 -1
600 187
600 183
600 -1
605 189
605 185
605 -1
610 190
610 186
610 -1
615 192
615 188
615 -1
620 194
620 190
620 -1
625 196
625 191
625 -1
630 197
630 193
630 -1
635 199
635 195
635 36
640 201
640 197
640 -1
645 203
645 198
645 -1
650 205
650 200
650 -1
655 206
655 201
655 -1
660 208
660 203
660 -1
665 210
665 205
665 -1
670 212
670 207
670 -1
675 213
675 208
675 -1
680 215
680 210
680 -1
685 217
685 212
685 -1
690 219
690 213
690 -1
695 221
695 215
695 -1
700 222
700 217
700 -1
705 224
705 218
705 -1
710 226
710 220
710 -1
715 228
715 222
715 -1
720 230
720 223
720 -1
725 231
725 225
725 -1
730 233
730 227
730 -1
735 235
735 228
735 -1
740 237
740 230
740 -1
745 238
745 232
745 -1
750 240
750 233
750 -1
755 242
755 235
755 -1
760 244
760 237
760 -1
765 245
765 239
765 -1
770 247
770 240
770 -1
775 249
775 242
775 -1
780 251
780 244
780 -1
785 253
785 245
785 -1
790 254
790 247
790 -1
795 256
795 249
795 -1
800 258
800 251
800 -1
805 260
805 252
805 -1
810 261
810 254
810 -1
815 263
815 255
815 -1
820 265
820 257
820 -1
825 267
825 259
825 -1
830 268
830 261
830 -1
835 270
835 262
835 36
840 272
840 264
840 -1
845 274
845 266
845 -1
850 276
850 267
850 -1
855 277
855 269
855 -1
860 279
860 271
860 -1
865 281
865 272
865 -1
870 283
870 274
870 -1
875 285
875 276
875 -1
880 286
880 277
880 -1
885 288
885 279
885 -1
890 290
890 281
890 -1
895 291
895 282
895 -1
900 293
900 284
900 -1
905 295
905 286
905 -1
910 297
910 287
910 -1
915 299
915 289
915 -1
920 300
920 291
920 -1
925 302
925 292
925 -1
930 304
930 294
930 -1
935 306
935 296
935 -1
940 307
940 297
940 -1
945 309
945 299
945 -1
950 311
950 301
950 -1
955 313
955 303
955 -1
960 315
960 304
960 -1
965 316
965 306
965 -1
970 318
970 308
970 -1
975 320
975 309
975 -1
980 322
980 311
980 -1
985 323
985 313
985 -1
990 325
990 315
990 -1
995 327
995 316
995 -1
1000 329
1000 318
1000 -1
1005 331
1005 320
1005 -1
1010 332
1010 321
1010 -1
1015 334
1015 323
1015 -1
1020 336
1020 325
1020 -1
1025 338
1025 327
1025 -1
1030 339
1030 328
1030 -1
1035 341
1035 330
1035 36
1040 343
1040 332
1040 -1
1045 345
1045 333
1045 -1
1050 346
1050 335
1050 -1
1055 348
1055 337
1055 -1
1060 350
1060 339
1060 -1
1065 352
1065 340
1065 -1
1070 353
1070 342
1070 -1
1075 355
1075 344
1075 -1
1080 357
1080 346
1080 -1
1085 359
1085 347
1085 -1
1090 361
1090 349
1090 -1
1095 362
1095 351
1095 -1
1100 364
1100 353
1100 -1
1105 366
1105 354
1105 -1
1110 368
1110 356
1110 -1
1115 370
1115 358
1115 -1
1120 371
1120 359
1120 -1
1125 373
1125 361
1125 -1
1130 375
1130 363
1130 -1
1135 377
1135 365
1135 -1
1140 379
1140 366
1140 -1
1145 380
1145 368
1145 -1
1150 382
1150 370
1150 -1
1155 384
1155 371
1155 -1
1160 386
1160 373
1160 -1
1165 387
1165 375
1165 -1
1170 389
1170 376
1170 -1
1175 391
1175 378
1175 -1
1180 393
1180 380
1180 -1
1185 395
1185 381
1185 -1
1190 396
1190 383
1190 -1
1195 398
1195 385
1195 -1
1200 400
1200 387
1200 -1
1205 402
1205 388
1205 -1
1210 404
1210 390
1210 -1
1215 405
1215 392
1215 -1
1220 407
1220 393
1220 -1
1225 409
1225 395
1225 -1
1230 411
1230 397
1230 -1
1235 413
1235 399
1235 36
1240 414
1240 400
1240 -1
1245 416
1245 402
1245 -1
1250 418
1250 404
1250 -1
1255 420
1255 405
1255 -1
1260 422
1260 407
1260 -1
1265 423
1265 409
1265 -1
1270 425
1270 411
1270 -1
1275 427
1275 413
1275 -1
1280 429
1280 414
1280 -1
1285 431
1285 416
1285 -1
1290 432
1290 418
1290 -1
1295 434
1295 420
1295 -1
1300 436
1300 421
1300 -1
1305 438
1305 423
1305 -1
1310 439
1310 425
1310 -1
1315 441
1315 427
1315 -1
1320 443
1320 428
1320 -1
1325 445
1325 430
1325 -1
1330 447
1330 432
1330 -1
1335 448
1335 433
1335 -1
1340 450
1340 435
1340 -1
1345 452
1345 437
1345 -1
1350 454
1350 439
1350 -1
1355 455
1355 440
1355 -1
1360 457
1360 442
1360 -1
1365 459
1365 444
1365 -1
1370 461
1370 446
1370 -1
1375 462
1375 447
1375 -1
1380 464
1380 449
1380 -1
1385 466
1385 451
1385 -1
1390 468
1390 453
1390 -1
1395 470
1395 454
1395 -1
1400 471
1400 456
1400 -1
1405 473
1405 458
1405 -1
1410 475
1410 459
1410 -1
1415 477
1415 461
1415 -1
1420 479
1420 463
1420 -1
1425 480
1425 465
1425 -1
1430 482
1430 467
1430 -1
1435 484
1435 468
1435 36
1440 486
1440 470
1440 -1
1445 487
1445 471
1445 -1
1450 489
1450 473
1450 -1
1455 491
1455 475
1455 -1
1460 493
1460 477
1460 -1
1465 495
1465 478
1465 -1
1470 496
1470 480
1470 -1
1475 498
1475 482
1475 -1
1480 500
1480 484
1480 -1
1485 502
1485 485
1485 -1
1490 503
1490 487
1490 -1
1495 505
1495 489
1495 -1
1500 507
1500 491
1500 -1
1505 509
1505 492
1505 -1
1510 511
1510 494
1510 -1
1515 512
1515 496
1515 -1
1520 514
1520 497
1520 -1
1525 516
1525 499
1525 -1
1530 518
1530 501
1530 -1
1535 519
1535 503
1535 -1
1540 521
1540 505
1540 -1
1545 523
1545 506
1545 -1
1550 525
1550 508
1550 -1
1555 527
1555 510
1555 -1
1560 528
1560 511
1560 -1
1565 530
1565 513
1565 -1
1570 532
1570 515
1570 -1
1575 534
1575 517
1575 -1
1580 535
1580 519
1580 -1
1585 537
1585 520
1585 -1
1590 539
1590 522
1590 -1
1595 541
1595 524
1595 -1
1600 543
1600 525
1600 -1
1605 544
1605 527
1605 -1
1610 546
1610 529
1610 -1
1615 548
1615 531
1615 -1
1620 550
1620 532
1620 -1
1625 551
1625 534
1625 -1
1630 553
1630 536
1630 -1
1635 555
1635 537
1635 36
1640 557
1640 539
1640 -1
1645 558
1645 541
1645 -1
1650 560
1650 543
1650 -1
1655 562
1655 545
1655 -1
1660 564
1660 546
1660 -1
1665 565
1665 548
1665 -1
1670 567
1670 550
1670 -1
1675 569
1675 551
1675 -1
1680 571
1680 553
1680 -1
1685 573
1685 555
1685 -1
1690 574
1690 557
1690 -1
1695 576
1695 558
1695 -1
1700 578
1700 560
1700 -1
1705 580
1705 562
1705 -1
1710 581
1710 563
1710 -1
1715 583
1715 565
1715 -1
1720 585
1720 567
1720 -1
1725 587
1725 568
1725 -1
1730 589
1730 570
1730 -1
1735 590
1735 572
1735 -1
1740 592
1740 573
1740 -1
1745 594
1745 575
1745 -1
1750 596
1750 577
1750 -1
1755 597
1755 579
1755 -1
1760 599
1760 580
1760 -1
1765 601
1765 582
1765 -1
1770 603
1770 584
1770 -1
1775 604
1775 585
1775 -1
1780 606
1780 587
1780 -1
1785 608
1785 589
1785 -1
1790 610
1790 590
1790 -1
1795 612
1795 592
1795 -1
1800 613
1800 594
1800 -1
1805 615
1805 595
1805 -1
1810 617
1810 597
1810 -1
1815 619
1815 599
1815 -1
1820 621
1820 600
1820 -1
1825 622
1825 602
1825 -1
1830 624
1830 604
1830 -1
1835 626
1835 605
1835 36
1840 627
1840 607
1840 -1
1845 629
1845 609
1845 -1
1850 631
1850 611
1850 -1
1855 633
1855 612
1855 -1
1860 635
1860 614
1860 -1
1865 636
1865 615
1865 -1
1870 638
1870 617
1870 -1
1875 640
1875 619
1875 -1
1880 642
1880 621
1880 -1
1885 643
1885 622
1885 -1
1890 645
1890 624
1890 -1
1895 647
1895 625
1895 -1
1900 649
1900 627
1900 -1
1905 651
1905 629
1905 -1
1910 652
1910 631
1910 -1
1915 654
1915 632
1915 -1
1920 656
1920 634
1920 -1
1925 658
1925 635
1925 -1
1930 659
1930 637
1930 -1
1935 661
1935 639
1935 -1
1940 663
1940 640
1940 -1
1945 665
1945 642
1945 -1
1950 667
1950 644
1950 -1
1955 668
1955 645
1955 -1
1960 670
1960 647
1960 -1
1965 672
1965 649
1965 -1
1970 674
1970 650
1970 -1
1975 675
1975 652
1975 -1
1980 677
1980 654
1980 -1
1985 679
1985 655
1985 -1
1990 681
1990 657
1990 -1
1995 682
1995 659
1995 -1
2000 684
2000 661
2000 -1
2005 686
2005 662
2005 -1
2010 688
2010 664
2010 -1
2015 689
2015 665
2015 -1
2020 691
2020 667
2020 -1
2025 693
2025 669
2025 -1
2030 695
2030 671
2030 -1
2035 697
2035 672
2035 36
2040 698
2040 674
2040 -1
2045 700
2045 676
2045 -1
2050 702
2050 677
2050 -1
2055 704
2055 679
2055 -1
2060 705
2060 681
2060 -1
2065 707
2065 683
2065 -1
2070 709
2070 684
2070 -1
2075 711
2075 686
2075 -1
2080 713
2080 687
2080 -1
2085 714
2085 689
2085 -1
2090 716
2090 691
2090 -1
2095 718
2095 693
2095 -1
2100 719
2100 694
2100 -1
2105 721
2105 696
2105 -1
2110 723
2110 698
2110 -1
2115 725
2115 700
2115 -1
2120 727
2120 701
2120 -1
2125 728
2125 703
2125 -1
2130 730
2130 705
2130 -1
2135 732
2135 706
2135 -1
2140 734
2140 708
2140 -1
2145 735
2145 710
2145 -1
2150 737
2150 711
2150 -1
2155 739
2155 713
2155 -1
2160 741
2160 715
2160 -1
2165 743
2165 717
2165 -1
2170 744
2170 718
2170 -1
2175 746
2175 720
2175 -1
2180 748
2180 722
2180 -1
2185 750
2185 723
2185 -1
2190 751
2190 725
2190 -1
2195 753
2195 727
2195 -1
2200 755
2200 729
2200 -1
2205 757
2205 730
2205 -1
2210 759
2210 732
2210 -1
2215 760
2215 733
2215 -1
2220 762
2220 735
2220 -1
2225 764
2225 737
2225 -1
2230 766
2230 739
2230 -1
2235 768
2235 740
2235 36
2240 769
2240 742
2240 -1
2245 771
2245 744
2245 -1
2250 773
2250 745
2250 -1
2255 775
2255 747
2255 -1
2260 777
2260 749
2260 -1
2265 778
2265 751
2265 -1
2270 780
2270 753
2270 -1
2275 782
2275 754
2275 -1
2280 784
2280 756
2280 -1
2285 786
2285 758
2285 -1
2290 787
2290 759
2290 -1
2295 789
2295 761
2295 -1
2300 791
2300 763
2300 -1
2305 793
2305 765
2305 -1
2310 795
2310 767
2310 -1
2315 796
2315 768
2315 -1
2320 798
2320 770
2320 -1
2325 800
2325 772
2325 -1
2330 802
2330 773
2330 -1
2335 803
2335 775
2335 -1
2340 805
2340 777
2340 -1
2345 807
2345 779
2345 -1
2350 809
2350 780
2350 -1
2355 811
2355 782
2355 -1
2360 812
2360 784
2360 -1
2365 814
2365 786
2365 -1
2370 816
2370 787
2370 -1
2375 818
2375 789
2375 -1
2380 819
2380 791
2380 -1
2385 821
2385 793
2385 -1
2390 823
2390 794
2390 -1
2395 825
2395 796
2395 -1
2400 827
2400 798
2400 -1
2405 828
2405 799
2405 -1
2410 830
2410 801
2410 -1
2415 832
2415 803
2415 -1
2420 834
2420 805
2420 -1
2425 835
2425 807
2425 -1
2430 837
2430 808
2430 -1
2435 839
2435 810
2435 36
2440 841
2440 812
2440 -1
2445 842
2445 813
2445 -1
2450 844
2450 815
2450 -1
2455 846
2455 817
2455 -1
2460 848
2460 819
2460 -1
2465 850
2465 820
2465 -1
2470 851
2470 822
2470 -1
2475 853
2475 824
2475 -1
2480 855
2480 825
2480 -1
2485 857
2485 827
2485 -1
2490 859
2490 829
2490 -1
2495 860
2495 831
2495 -1
2500 862
2500 833
2500 -1
2505 864
2505 834
2505 -1
2510 866
2510 836
2510 -1
2515 867
2515 838
2515 -1
2520 869
2520 839
2520 -1
2525 871
2525 841
2525 -1
2530 873
2530 843
2530 -1
2535 875
2535 845
2535 -1
2540 876
2540 846
2540 -1
2545 878
2545 848
2545 -1
2550 880
2550 850
2550 -1
2555 882
2555 852
2555 -1
2560 883
2560 853
2560 -1
2565 885
2565 855
2565 -1
2570 887
2570 857
2570 -1
2575 889
2575 859
2575 -1
2580 891
2580 860
2580 -1
2585 892
2585 862
2585 -1
2590 894
2590 864
2590 -1
2595 896
2595 865
2595 -1
2600 898
2600 867
2600 -1
2605 899
2605 869
2605 -1
2610 901
2610 871
2610 -1
2615 903
2615 872
2615 -1
2620 905
2620 874
2620 -1
2625 907
2625 876
2625 -1
2630 908
2630 877
2630 -1
2635 910
2635 879
2635 36
2640 912
2640 881
2640 -1
2645 914
2645 883
2645 -1
2650 915
2650 884
2650 -1
2655 917
2655 886
2655 -1
2660 919
2660 888
2660 -1
2665 921
2665 889
2665 -1
2670 923
2670 891
2670 -1
2675 924
2675 893
2675 -1
2680 926
2680 895
2680 -1
2685 928
2685 896
2685 -1
2690 930
2690 898
2690 -1
2695 931
2695 900
2695 -1
2700 933
2700 901
2700 -1
2705 935
2705 903
2705 -1
2710 937
2710 905
2710 -1
2715 938
2715 907
2715 -1
2720 940
2720 908
2720 -1
2725 942
2725 910
2725 -1
2730 944
2730 912
2730 -1
2735 945
2735 913
2735 -1
2740 947
2740 915
2740 -1
2745 949
2745 917
2745 -1
2750 951
2750 919
2750 -1
2755 953
2755 920
2755 -1
2760 954
2760 922
2760 -1
2765 956
2765 924
2765 -1
2770 958
2770 925
2770 -1
2775 960
2775 927
2775 -1
2780 961
2780 929
2780 -1
2785 963
2785 930
2785 -1
2790 965
2790 932
2790 -1
2795 967
2795 934
2795 -1
2800 969
2800 935
2800 -1
2805 970
2805 937
2805 -1
2810 972
2810 939
2810 -1
2815 974
2815 941
2815 -1
2820 976
2820 942
2820 -1
2825 978
2825 944
2825 -1
2830 979
2830 946
2830 -1
2835 981
2835 947
2835 35
2840 983
2840 949
2840 -1
2845 985
2845 951
2845 -1
2850 987
2850 952
2850 -1
2855 988
2855 954
2855 -1
2860 990
2860 956
2860 -1
2865 992
2865 957
2865 -1
2870 994
2870 959
2870 -1
2875 996
2875 961
2875 -1
2880 997
2880 963
2880 -1
2885 999
2885 964
2885 -1
2890 1001
2890 966
2890 -1
2895 1003
2895 968
2895 -1
2900 1005
2900 969
2900 -1
2905 1006
2905 971
2905 -1
2910 1008
2910 973
2910 -1
2915 1010
2915 974
2915 -1
2920 1012
2920 976
2920 -1
2925 1013
2925 978
2925 -1
2930 1015
2930 979
2930 -1
2935 1017
2935 981
2935 -1
2940 1019
2940 983
2940 -1
2945 1020
2945 985
2945 -1
2950 1022
2950 986
2950 -1
2955 1024
2955 988
2955 -1
2960 1026
2960 990
2960 -1
2965 1028
2965 991
2965 -1
2970 1029
2970 993
2970 -1
2975 1031
2975 995
2975 -1
2980 1033
2980 997
2980 -1
2985 1035
2985 998
2985 -1
2990 1036
2990 1000
2990 -1
2995 1038
2995 1001
2995 -1
3000 1040
3000 1003
3000 -1
3005 1042
3005 1005
3005 -1
3010 1043
3010 1007
3010 -1
3015 1045
3015 1008
3015 -1
3020 1047
3020 1010
3020 -1
3025 1049
3025 1011
3025 -1
3030 1051
3030 1013
3030 -1
3035 1052
3035 1015
3035 35
3040 1054
3040 1017
3040 -1
3045 1056
3045 1018
3045 -1
3050 1057
3050 1020
3050 -1
3055 1059
3055 1022
3055 -1
3060 1061
3060 1023
3060 -1
3065 1063
3065 1025
3065 -1
3070 1065
3070 1027
3070 -1
3075 1066
3075 1029
3075 -1
3080 1068
3080 1030
3080 -1
3085 1070
3085 1032
3085 -1
3090 1072
3090 1033
3090 -1
3095 1073
3095 1035
3095 -1
3100 1075
3100 1037
3100 -1
3105 1077
3105 1039
3105 -1
3110 1079
3110 1041
3110 -1
3115 1081
3115 1042
3115 -1
3120 1082
3120 1044
3120 -1
3125 1084
3125 1046
3125 -1
3130 1086
3130 1047
3130 -1
3135 1088
3135 1049
3135 -1
3140 1089
3140 1051
3140 -1
3145 1091
3145 1053
3145 -1
3150 1093
3150 1054
3150 -1
3155 1095
3155 1056
3155 -1
3160 1097
3160 1057
3160 -1
3165 1098
3165 1059
3165 -1
3170 1100
3170 1061
3170 -1
3175 1102
3175 1063
3175 -1
3180 1103
3180 1064
3180 -1
3185 1105
3185 1066
3185 -1
3190 1107
3190 1068
3190 -1
3195 1109
3195 1069
3195 -1
3200 1111
3200 1071
3200 -1
3205 1112
3205 1073
3205 -1
3210 1114
3210 1075
3210 -1
3215 1116
3215 1076
3215 -1
3220 1118
3220 1078
3220 -1
3225 1119
3225 1079
3225 -1
3230 1121
3230 1081
3230 -1
3235 1123
3235 1083
3235 35
3240 1125
3240 1085
3240 -1
3245 1127
3245 1086
3245 -1
3250 1128
3250 1088
3250 -1
3255 1130
3255 1090
3255 -1
3260 1132
3260 1092
3260 -1
3265 1134
3265 1093
3265 -1
3270 1135
3270 1095
3270 -1
3275 1137
3275 1097
3275 -1
3280 1139
3280 1098
3280 -1
3285 1141
3285 1100
3285 -1
3290 1143
3290 1102
3290 -1
3295 1145
3295 1103
3295 -1
3300 1146
3300 1105
3300 -1
3305 1148
3305 1107
3305 -1
3310 1150
3310 1109
3310 -1
3315 1152
3315 1110
3315 -1
3320 1153
3320 1112
3320 -1
3325 1155
3325 1114
3325 -1
3330 1157
3330 1115
3330 -1
3335 1159
3335 1117
3335 -1
3340 1161
3340 1119
3340 -1
3345 1163
3345 1121
3345 -1
3350 1164
3350 1122
3350 -1
3355 1166
3355 1124
3355 -1
3360 1168
3360 1126
3360 -1
3365 1170
3365 1127
3365 -1
3370 1172
3370 1129
3370 -1
3375 1173
3375 1131
3375 -1
3380 1175
3380 1133
3380 -1
3385 1177
3385 1135
3385 -1
3390 1179
3390 1136
3390 -1
3395 1181
3395 1138
3395 -1
3400 1182
3400 1140
3400 -1
3405 1184
3405 1141
3405 -1
3410 1186
3410 1143
3410 -1
3415 1188
3415 1145
3415 -1
3420 1189
3420 1147
3420 -1
3425 1191
3425 1148
3425 -1
3430 1193
3430 1150
3430 -1
3435 1195
3435 1152
3435 34
3440 1197
3440 1153
3440 -1
3445 1198
3445 1155
3445 -1
3450 1200
3450 1157
3450 -1
3455 1202
3455 1159
3455 -1
3460 1204
3460 1160
3460 -1
3465 1205
3465 1162
3465 -1
3470 1207
3470 1164
3470 -1
3475 1209
3475 1166
3475 -1
3480 1211
3480 1167
3480 -1
3485 1213
3485 1169
3485 -1
3490 1214
3490 1171
3490 -1
3495 1216
3495 1173
3495 -1
3500 1218
3500 1174
3500 -1
3505 1220
3505 1176
3505 -1
3510 1221
3510 1178
3510 -1
3515 1223
3515 1179
3515 -1
3520 1225
3520 1181
3520 -1
3525 1227
3525 1183
3525 -1
3530 1229
3530 1185
3530 -1
3535 1230
3535 1187
3535 -1
3540 1232
3540 1188
3540 -1
3545 1234
3545 1190
3545 -1
3550 1236
3550 1192
3550 -1
3555 1238
3555 1193
3555 -1
3560 1239
3560 1195
3560 -1
3565 1241
3565 1197
3565 -1
3570 1243
3570 1199
3570 -1
3575 1245
3575 1200
3575 -1
3580 1247
3580 1202
3580 -1
3585 1248
3585 1204
3585 -1
3590 1250
3590 1205
3590 -1
3595 1252
3595 1207
3595 -1
3600 1254
3600 1209
3600 -1
3605 1255
3605 1211
3605 -1
3610 1257
3610 1213
3610 -1
3615 1259
3615 1214
3615 -1
3620 1261
3620 1216
3620 -1
3625 1263
3625 1218
3625 -1
3630 1264
3630 1219
3630 -1
3635 1266
3635 1221
3635 34
3640 1268
3640 1223
3640 -1
3645 1270
3645 1225
3645 -1
3650 1271
3650 1226
3650 -1
3655 1273
3655 1228
3655 -1
3660 1275
3660 1230
3660 -1
3665 1277
3665 1231
3665 -1
3670 1279
3670 1233
3670 -1
3675 1280
3675 1235
3675 -1
3680 1282
3680 1237
3680 -1
3685 1284
3685 1238
3685 -1
3690 1286
3690 1240
3690 -1
3695 1287
3695 1242
3695 -1
3700 1289
3700 1243
3700 -1
3705 1291
3705 1245
3705 -1
3710 1293
3710 1247
3710 -1
3715 1294
3715 1249
3715 -1
3720 1296
3720 1251
3720 -1
3725 1298
3725 1252
3725 -1
3730 1300
3730 1254
3730 -1
3735 1301
3735 1256
3735 -1
3740 1303
3740 1258
3740 -1
3745 1305
3745 1259
3745 -1
3750 1307
3750 1261
3750 -1
3755 1308
3755 1263
3755 -1
3760 1310
3760 1265
3760 -1
3765 1312
3765 1266
3765 -1
3770 1313
3770 1268
3770 -1
3775 1315
3775 1270
3775 -1
3780 1317
3780 1271
3780 -1
3785 1319
3785 1273
3785 -1
3790 1320
3790 1275
3790 -1
3795 1322
3795 1277
3795 -1
3800 1324
3800 1279
3800 -1
3805 1326
3805 1280
3805 -1
3810 1327
3810 1282
3810 -1
3815 1329
3815 1284
3815 -1
3820 1331
3820 1285
3820 -1
3825 1333
3825 1287
3825 -1
3830 1335
3830 1289
3830 -1
3835 1336
3835 1291
3835 33
3840 1338
3840 1292
3840 -1
3845 1340
3845 1294
3845 -1
3850 1342
3850 1295
3850 -1
3855 1343
3855 1297
3855 -1
3860 1345
3860 1299
3860 -1
3865 1347
3865 1301
3865 -1
3870 1349
3870 1302
3870 -1
3875 1350
3875 1304
3875 -1
3880 1352
3880 1305
3880 -1
3885 1354
3885 1307
3885 -1
3890 1356
3890 1309
3890 -1
3895 1358
3895 1310
3895 -1
3900 1359
3900 1312
3900 -1
3905 1361
3905 1314
3905 -1
3910 1363
3910 1315
3910 -1
3915 1365
3915 1317
3915 -1
3920 1367
3920 1319
3920 -1
3925 1368
3925 1320
3925 -1
3930 1370
3930 1322
3930 -1
3935 1372
3935 1324
3935 -1
3940 1374
3940 1325
3940 -1
3945 1375
3945 1327
3945 -1
3950 1377
3950 1329
3950 -1
3955 1379
3955 1330
3955 -1
3960 1381
3960 1332
3960 -1
3965 1383
3965 1334
3965 -1
3970 1384
3970 1335
3970 -1
3975 1386
3975 1337
3975 -1
3980 1388
3980 1339
3980 -1
3985 1389
3985 1340
3985 -1
3990 1391
3990 1342
3990 -1
3995 1393
3995 1344
3995 -1
4000 1395
4000 1345
4000 -1
4005 1397
4005 1347
4005 -1
4010 1398
4010 1349
4010 -1
4015 1400
4015 1350
4015 -1
4020 1402
4020 1352
4020 -1
4025 1404
4025 1354
4025 -1
4030 1405
4030 1355
4030 -1
4035 1407
4035 1357
4035 33
4040 1409
4040 1359
4040 -1
4045 1411
4045 1360
4045 -1
4050 1412
4050 1362
4050 -1
4055 1414
4055 1363
4055 -1
4060 1416
4060 1365
4060 -1
4065 1418
4065 1367
4065 -1
4070 1419
4070 1368
4070 -1
4075 1421
4075 1370
4075 -1
4080 1423
4080 1372
4080 -1
4085 1425
4085 1373
4085 -1
4090 1426
4090 1375
4090 -1
4095 1428
4095 1377
4095 -1
4100 1430
4100 1378
4100 -1
4105 1432
4105 1380
4105 -1
4110 1433
4110 1382
4110 -1
4115 1435
4115 1383
4115 -1
4120 1437
4120 1385
4120 -1
4125 1439
4125 1387
4125 -1
4130 1441
4130 1388
4130 -1
4135 1442
4135 1390
4135 -1
4140 1444
4140 1392
4140 -1
4145 1446
4145 1393
4145 -1
4150 1448
4150 1395
4150 -1
4155 1449
4155 1397
4155 -1
4160 1451
4160 1399
4160 -1
4165 1453
4165 1400
4165 -1
4170 1455
4170 1402
4170 -1
4175 1457
4175 1404
4175 -1
4180 1458
4180 1405
4180 -1
4185 1460
4185 1407
4185 -1
4190 1462
4190 1409
4190 -1
4195 1464
4195 1410
4195 -1
4200 1465
4200 1412
4200 -1
4205 1467
4205 1414
4205 -1
4210 1469
4210 1415
4210 -1
4215 1471
4215 1417
4215 -1
4220 1472
4220 1419
4220 -1
4225 1474
4225 1421
4225 -1
4230 1476
4230 1422
4230 -1
4235 1478
4235 1424
4235 32
4240 1479
4240 1426
4240 -1
4245 1481
4245 1427
4245 -1
4250 1483
4250 1429
4250 -1
4255 1485
4255 1431
4255 -1
4260 1487
4260 1433
4260 -1
4265 1488
4265 1434
4265 -1
4270 1490
4270 1436
4270 -1
4275 1492
4275 1438
4275 -1
4280 1493
4280 1439
4280 -1
4285 1495
4285 1441
4285 -1
4290 1497
4290 1443
4290 -1
4295 1499
4295 1445
4295 -1
4300 1501
4300 1446
4300 -1
4305 1502
4305 1448
4305 -1
4310 1504
4310 1450
4310 -1
4315 1506
4315 1452
4315 -1
4320 1508
4320 1453
4320 -1
4325 1510
4325 1455
4325 -1
4330 1511
4330 1457
4330 -1
4335 1513
4335 1458
4335 -1
4340 1515
4340 1460
4340 -1
4345 1517
4345 1462
4345 -1
4350 1518
4350 1463
4350 -1
4355 1520
4355 1465
4355 -1
4360 1522
4360 1467
4360 -1
4365 1524
4365 1469
4365 -1
4370 1525
4370 1471
4370 -1
4375 1527
4375 1472
4375 -1
4380 1529
4380 1474
4380 -1
4385 1531
4385 1476
4385 -1
4390 1533
4390 1477
4390 -1
4395 1534
4395 1479
4395 -1
4400 1536
4400 1481
4400 -1
4405 1538
4405 1483
4405 -1
4410 1540
4410 1484
4410 -1
4415 1541
4415 1486
4415 -1
4420 1543
4420 1488
4420 -1
4425 1545
4425 1489
4425 -1
4430 1547
4430 1491
4430 -1
4435 1549
4435 1493
4435 32
4440 1551
4440 1495
4440 -1
4445 1552
4445 1496
4445 -1
4450 1554
4450 1498
4450 -1
4455 1556
4455 1500
4455 -1
4460 1558
4460 1502
4460 -1
4465 1559
4465 1503
4465 -1
4470 1561
4470 1505
4470 -1
4475 1563
4475 1507
4475 -1
4480 1565
4480 1509
4480 -1
4485 1566
4485 1510
4485 -1
4490 1568
4490 1512
4490 -1
4495 1570
4495 1514
4495 -1
4500 1572
4500 1515
4500 -1
4505 1573
4505 1517
4505 -1
4510 1575
4510 1519
4510 -1
4515 1577
4515 1521
4515 -1
4520 1579
4520 1523
4520 -1
4525 1581
4525 1524
4525 -1
4530 1582
4530 1526
4530 -1
4535 1584
4535 1528
4535 -1
4540 1586
4540 1530
4540 -1
4545 1588
4545 1531
4545 -1
4550 1589
4550 1533
4550 -1
4555 1591
4555 1535
4555 -1
4560 1593
4560 1537
4560 -1
4565 1595
4565 1538
4565 -1
4570 1597
4570 1540
4570 -1
4575 1598
4575 1542
4575 -1
4580 1600
4580 1544
4580 -1
4585 1602
4585 1545
4585 -1
4590 1604
4590 1547
4590 -1
4595 1606
4595 1549
4595 -1
4600 1607
4600 1551
4600 -1
4605 1609
4605 1552
4605 -1
4610 1611
4610 1554
4610 -1
4615 1613
4615 1556
4615 -1
4620 1615
4620 1557
4620 -1
4625 1616
4625 1559
4625 -1
4630 1618
4630 1561
4630 -1
4635 1620
4635 1563
4635 31
4640 1622
4640 1564
4640 -1
4645 1623
4645 1566
4645 -1
4650 1625
4650 1568
4650 -1
4655 1627
4655 1569
4655 -1
4660 1629
4660 1571
4660 -1
4665 1631
4665 1573
4665 -1
4670 1632
4670 1574
4670 -1
4675 1634
4675 1576
4675 -1
4680 1636
4680 1578
4680 -1
4685 1638
4685 1579
4685 -1
4690 1640
4690 1581
4690 -1
4695 1641
4695 1583
4695 -1
4700 1643
4700 1585
4700 -1
4705 1645
4705 1586
4705 -1
4710 1647
4710 1588
4710 -1
4715 1649
4715 1590
4715 -1
4720 1650
4720 1591
4720 -1
4725 1652
4725 1593
4725 -1
4730 1654
4730 1595
4730 -1
4735 1656
4735 1596
4735 -1
4740 1657
4740 1598
4740 -1
4745 1659
4745 1600
4745 -1
4750 1661
4750 1601
4750 -1
4755 1663
4755 1603
4755 -1
4760 1665
4760 1605
4760 -1
4765 1666
4765 1607
4765 -1
4770 1668
4770 1608
4770 -1
4775 1670
4775 1610
4775 -1
4780 1672
4780 1612
4780 -1
4785 1673
4785 1613
4785 -1
4790 1675
4790 1615
4790 -1
4795 1677
4795 1617
4795 -1
4800 1679
4800 1619
4800 -1
4805 1680
4805 1620
4805 -1
4810 1682
4810 1622
4810 -1
4815 1684
4815 1624
4815 -1
4820 1686
4820 1625
4820 -1
4825 1687
4825 1627
4825 -1
4830 1689
4830 1629
4830 -1
4835 1691
4835 1631
4835 31
4840 1693
4840 1632
4840 -1
4845 1695
4845 1634
4845 -1
4850 1696
4850 1636
4850 -1
4855 1698
4855 1637
4855 -1
4860 1700
4860 1639
4860 -1
4865 1702
4865 1641
4865 -1
4870 1703
4870 1643
4870 -1
4875 1705
4875 1644
4875 -1
4880 1707
4880 1646
4880 -1
4885 1709
4885 1648
4885 -1
4890 1710
4890 1649
4890 -1
4895 1712
4895 1651
4895 -1
4900 1714
4900 1653
4900 -1
4905 1716
4905 1654
4905 -1
4910 1717
4910 1656
4910 -1
4915 1719
4915 1658
4915 -1
4920 1721
4920 1659
4920 -1
4925 1723
4925 1661
4925 -1
4930 1725
4930 1663
4930 -1
4935 1726
4935 1664
4935 -1
4940 1728
4940 1666
4940 -1
4945 1730
4945 1668
4945 -1
4950 1732
4950 1669
4950 -1
4955 1733
4955 1671
4955 -1
4960 1735
4960 1673
4960 -1
4965 1737
4965 1674
4965 -1
4970 1739
4970 1676
4970 -1
4975 1740
4975 1677
4975 -1
4980 1742
4980 1679
4980 -1
4985 1744
4985 1681
4985 -1
4990 1746
4990 1683
4990 -1
4995 1747
4995 1684
4995 -1
5000 1749
5000 1686
5000 -1
5005 1751
5005 1688
5005 -1
5010 1753
5010 1689
5010 -1
5015 1754
5015 1691
5015 -1
5020 1756
5020 1693
5020 -1
5025 1758
5025 1695
5025 -1
5030 1760
5030 1696
5030 -1
5035 1761
5035 1698
5035 30
5040 1763
5040 1699
5040 -1
5045 1765
5045 1701
5045 -1
5050 1767
5050 1703
5050 -1
5055 1768
5055 1705
5055 -1
5060 1770
5060 1706
5060 -1
5065 1772
5065 1708
5065 -1
5070 1773
5070 1710
5070 -1
5075 1775
5075 1711
5075 -1
5080 1777
5080 1713
5080 -1
5085 1779
5085 1715
5085 -1
5090 1780
5090 1716
5090 -1
5095 1782
5095 1718
5095 -1
5100 1784
5100 1720
5100 -1
5105 1786
5105 1721
5105 -1
5110 1787
5110 1723
5110 -1
5115 1789
5115 1725
5115 -1
5120 1791
5120 1726
5120 -1
5125 1793
5125 1728
5125 -1
5130 1795
5130 1730
5130 -1
5135 1796
5135 1731
5135 -1
5140 1798
5140 1733
5140 -1
5145 1800
5145 1735
5145 -1
5150 1802
5150 1736
5150 -1
5155 1803
5155 1738
5155 -1
5160 1805
5160 1740
5160 -1
5165 1807
5165 1741
5165 -1
5170 1809
5170 1743
5170 -1
5175 1811
5175 1745
5175 -1
5180 1812
5180 1746
5180 -1
5185 1814
5185 1748
5185 -1
5190 1816
5190 1750
5190 -1
5195 1818
5195 1751
5195 -1
5200 1819
5200 1753
5200 -1
5205 1821
5205 1755
5205 -1
5210 1823
5210 1756
5210 -1
5215 1825
5215 1758
5215 -1
5220 1826
5220 1759
5220 -1
5225 1828
5225 1761
5225 -1
5230 1830
5230 1763
5230 -1
5235 1832
5235 1765
5235 29
5240 1834
5240 1766
5240 -1
5245 1835
5245 1768
5245 -1
5250 1837
5250 1769
5250 -1
5255 1839
5255 1771
5255 -1
5260 1841
5260 1773
5260 -1
5265 1843
5265 1775
5265 -1
5270 1844
5270 1776
5270 -1
5275 1846
5275 1778
5275 -1
5280 1848
5280 1780
5280 -1
5285 1850
5285 1781
5285 -1
5290 1851
5290 1783
5290 -1
5295 1853
5295 1785
5295 -1
5300 1855
5300 1787
5300 -1
5305 1857
5305 1788
5305 -1
5310 1859
5310 1790
5310 -1
5315 1860
5315 1792
5315 -1
5320 1862
5320 1793
5320 -1
5325 1864
5325 1795
5325 -1
5330 1866
5330 1797
5330 -1
5335 1867
5335 1798
5335 -1
5340 1869
5340 1800
5340 -1
5345 1871
5345 1802
5345 -1
5350 1873
5350 1803
5350 -1
5355 1875
5355 1805
5355 -1
5360 1876
5360 1807
5360 -1
5365 1878
5365 1809
5365 -1
5370 1880
5370 1810
5370 -1
5375 1882
5375 1812
5375 -1
5380 1884
5380 1814
5380 -1
5385 1885
5385 1815
5385 -1
5390 1887
5390 1817
5390 -1
5395 1889
5395 1819
5395 -1
5400 1891
5400 1820
5400 -1
5405 1893
5405 1822
5405 -1
5410 1894
5410 1824
5410 -1
5415 1896
5415 1825
5415 -1
5420 1898
5420 1827
5420 -1
5425 1899
5425 1829
5425 -1
5430 1901
5430 1831
5430 -1
5435 1903
5435 1832
5435 29
5440 1905
5440 1834
5440 -1
5445 1907
5445 1836
5445 -1
5450 1908
5450 1838
5450 -1
5455 1910
5455 1839
5455 -1
5460 1912
5460 1841
5460 -1
5465 1914
5465 1843
5465 -1
5470 1916
5470 1845
5470 -1
5475 1917
5475 1846
5475 -1
5480 1919
5480 1848
5480 -1
5485 1921
5485 1850
5485 -1
5490 1923
5490 1851
5490 -1
5495 1924
5495 1853
5495 -1
5500 1926
5500 1855
5500 -1
5505 1928
5505 1857
5505 -1
5510 1930
5510 1859
5510 -1
5515 1931
5515 1860
5515 -1
5520 1933
5520 1862
5520 -1
5525 1935
5525 1864
5525 -1
5530 1937
5530 1865
5530 -1
5535 1939
5535 1867
5535 -1
5540 1940
5540 1869
5540 -1
5545 1942
5545 1871
5545 -1
5550 1944
5550 1873
5550 -1
5555 1945
5555 1874
5555 -1
5560 1947
5560 1876
5560 -1
5565 1949
5565 1878
5565 -1
5570 1951
5570 1880
5570 -1
5575 1953
5575 1881
5575 -1
5580 1954
5580 1883
5580 -1
5585 1956
5585 1885
5585 -1
5590 1958
5590 1887
5590 -1
5595 1960
5595 1889
5595 -1
5600 1961
5600 1890
5600 -1
5605 1963
5605 1892
5605 -1
5610 1965
5610 1894
5610 -1
5615 1967
5615 1895
5615 -1
5620 1968
5620 1897
5620 -1
5625 1970
5625 1899
5625 -1
5630 1972
5630 1901
5630 -1
5635 1974
5635 1903
5635 28
5640 1976
5640 1905
5640 -1
5645 1977
5645 1906
5645 -1
5650 1979
5650 1908
5650 -1
5655 1981
5655 1910
5655 -1
5660 1983
5660 1911
5660 -1
5665 1985
5665 1913
5665 -1
5670 1986
5670 1915
5670 -1
5675 1988
5675 1917
5675 -1
5680 1990
5680 1918
5680 -1
5685 1992
5685 1920
5685 -1
5690 1993
5690 1922
5690 -1
5695 1995
5695 1923
5695 -1
5700 1997
5700 1925
5700 -1
5705 1999
5705 1927
5705 -1
5710 2001
5710 1929
5710 -1
5715 2002
5715 1930
5715 -1
5720 2004
5720 1932
5720 -1
5725 2006
5725 1934
5725 -1
5730 2008
5730 1935
5730 -1
5735 2010
5735 1937
5735 -1
5740 2011
5740 1939
5740 -1
5745 2013
5745 1941
5745 -1
5750 2015
5750 1942
5750 -1
5755 2017
5755 1944
5755 -1
5760 2018
5760 1946
5760 -1
5765 2020
5765 1947
5765 -1
5770 2022
5770 1949
5770 -1
5775 2024
5775 1951
5775 -1
5780 2025
5780 1953
5780 -1
5785 2027
5785 1954
5785 -1
5790 2029
5790 1956
5790 -1
5795 2031
5795 1958
5795 -1
5800 2033
5800 1959
5800 -1
5805 2034
5805 1961
5805 -1
5810 2036
5810 1963
5810 -1
5815 2038
5815 1965
5815 -1
5820 2040
5820 1966
5820 -1
5825 2041
5825 1968
5825 -1
5830 2043
5830 1970
5830 -1
5835 2045
5835 1971
5835 27
5840 2047
5840 1973
5840 -1
5845 2049
5845 1975
5845 -1
5850 2050
5850 1977
5850 -1
5855 2052
5855 1978
5855 -1
5860 2054
5860 1980
5860 -1
5865 2056
5865 1982
5865 -1
5870 2057
5870 1983
5870 -1
5875 2059
5875 1985
5875 -1
5880 2061
5880 1987
5880 -1
5885 2063
5885 1989
5885 -1
5890 2065
5890 1990
5890 -1
5895 2066
5895 1992
5895 -1
5900 2068
5900 1993
5900 -1
5905 2070
5905 1995
5905 -1
5910 2072
5910 1997
5910 -1
5915 2073
5915 1999
5915 -1
5920 2075
5920 2000
5920 -1
5925 2077
5925 2002
5925 -1
5930 2079
5930 2003
5930 -1
5935 2081
5935 2005
5935 -1
5940 2082
5940 2007
5940 -1
5945 2084
5945 2008
5945 -1
5950 2086
5950 2010
5950 -1
5955 2088
5955 2012
5955 -1
5960 2089
5960 2013
5960 -1
5965 2091
5965 2015
5965 -1
5970 2093
5970 2017
5970 -1
5975 2095
5975 2018
5975 -1
5980 2097
5980 2020
5980 -1
5985 2098
5985 2021
5985 -1
5990 2100
5990 2023
5990 -1
5995 2102
5995 2025
5995 -1
