10 0
10 0
10 -1
15 0
15 0
15 -1
20 0
20 0
20 -1
25 0
25 0
25 -1
30 1
30 0
30 -1
35 1
35 1
35 -1
40 2
40 1
40 -1
45 3
45 2
45 -1
50 4
50 3
50 -1
55 5
55 4
55 26
60 6
60 4
60 -1
65 7
65 5
65 -1
70 8
70 6
70 -1
75 9
75 7
75 -1
80 11
80 8
80 -1
85 12
85 9
85 -1
90 13
90 10
90 -1
95 15
95 11
95 -1
100 16
100 13
100 -1
105 17
105 14
105 -1
110 18
110 15
110 -1
115 20
115 16
115 -1
120 21
120 17
120 -1
125 22
125 19
125 -1
130 24
130 20
130 -1
135 25
135 21
135 -1
140 27
140 22
140 -1
145 28
145 24
145 -1
150 29
150 25
150 -1
155 31
155 27
155 -1
160 33
160 28
160 -1
165 34
165 29
165 -1
170 36
170 31
170 -1
175 37
175 33
175 -1
180 39
180 34
180 -1
185 41
185 36
185 -1
190 43
190 37
190 -1
195 44
195 39
195 -1
200 46
200 41
200 -1
205 48
205 42
205 -1
210 49
210 44
210 -1
215 51
215 46
215 -1
220 53
220 47
220 -1
225 54
225 49
225 -1
230 56
230 51
230 -1
235 58
235 52
235 -1
240 59
240 54
240 -1
245 61
245 55
245 -1
250 63
250 57
250 -1
255 64
255 59
255 34
260 66
260 60
260 -1
265 67
265 62
265 -1
270 69
270 64
270 -1
275 71
275 65
275 -1
280 73
280 67
280 -1
285 74
285 69
285 -1
290 76
290 70
290 -1
295 78
295 72
295 -1
300 79
300 74
300 -1
305 81
305 75
305 -1
310 83
310 77
310 -1
315 85
315 79
315 -1
320 86
320 81
320 -1
325 88
325 82
325 -1
330 90
330 84
330 -1
335 92
335 86
335 -1
340 93
340 88
340 -1
345 95
345 89
345 -1
350 97
350 91
350 -1
355 99
355 93
355 -1
360 101
360 95
360 -1
365 102
365 96
365 -1
370 104
370 98
370 -1
375 106
375 100
375 -1
380 108
380 101
380 -1
385 109
385 103
385 -1
390 111
390 105
390 -1
395 113
395 107
395 -1
400 115
400 108
400 -1
405 116
405 110
405 -1
410 118
410 112
410 -1
415 120
415 113
415 -1
420 122
420 115
420 -1
425 123
425 117
425 -1
430 125
430 119
430 -1
435 127
435 120
435 -1
440 129
440 122
440 -1
445 130
445 124
445 -1
450 132
450 126
450 -1
455 134
455 127
455 34
460 136
460 129
460 -1
465 137
465 131
465 -1
470 139
470 133
470 -1
475 141
475 134
475 -1
480 143
480 136
480 -1
485 145
485 138
485 -1
490 146
490 140
490 -1
495 148
495 141
495 -1
500 150
500 143
500 -1
505 152
505 145
505 -1
510 154
510 147
510 -1
515 155
515 148
515 -1
520 157
520 150
520 -1
525 159
525 152
525 -1
530 161
530 153
530 -1
535 163
535 155
535 -1
540 164
540 157
540 -1
545 166
545 159
545 -1
550 168
550 161
550 -1
555 169
555 162
555 -1
560 171
560 164
560 -1
565 173
565 166
565 -1
570 175
570 167
570 -1
575 177
575 169
575 -1
580 178
580 171
580 -1
585 180
585 173
585 -1
590 182
590 175
590 -1
595 184
595 176
595 -1
600 186
600 178
600 -1
605 187
605 180
605 -1
610 189
610 182
610 -1
615 191
615 183
615 -1
620 193
620 185
620 -1
625 194
625 187
625 -1
630 196
630 189
630 -1
635 198
635 191
635 -1
640 200
640 192
640 -1
645 201
645 194
645 -1
650 203
650 196
650 -1
655 205
655 198
655 34
660 207
660 199
660 -1
665 209
665 201
665 -1
670 210
670 203
670 -1
675 212
675 205
675 -1
680 214
680 207
680 -1
685 216
685 208
685 -1
690 217
690 210
690 -1
695 219
695 212
695 -1
700 221
700 213
700 -1
705 223
705 215
705 -1
710 225
710 217
710 -1
715 226
715 219
715 -1
720 228
720 220
720 -1
725 230
725 222
725 -1
730 232
730 224
730 -1
735 234
735 226
735 -1
740 235
740 227
740 -1
745 237
745 229
745 -1
750 239
750 231
750 -1
755 241
755 233
755 -1
760 243
760 234
760 -1
765 244
765 236
765 -1
770 246
770 238
770 -1
775 248
775 239
775 -1
780 250
780 241
780 -1
785 251
785 243
785 -1
790 253
790 244
790 -1
795 255
795 246
795 -1
800 257
800 248
800 -1
805 259
805 250
805 -1
810 260
810 251
810 -1
815 262
815 253
815 -1
820 264
820 255
820 -1
825 266
825 257
825 -1
830 267
830 258
830 -1
835 269
835 260
835 -1
840 271
840 262
840 -1
845 273
845 263
845 -1
850 274
850 265
850 -1
855 276
855 267
855 34
860 278
860 269
860 -1
865 280
865 270
865 -1
870 281
870 272
870 -1
875 283
875 274
875 -1
880 285
880 275
880 -1
885 287
885 277
885 -1
890 288
890 279
890 -1
895 290
895 281
895 -1
900 292
900 282
900 -1
905 293
905 284
905 -1
910 295
910 286
910 -1
915 297
915 287
915 -1
920 299
920 289
920 -1
925 300
925 291
925 -1
930 302
930 293
930 -1
935 304
935 294
935 -1
940 306
940 296
940 -1
945 307
945 298
945 -1
950 309
950 299
950 -1
955 311
955 301
955 -1
960 313
960 303
960 -1
965 314
965 304
965 -1
970 316
970 306
970 -1
975 318
975 308
975 -1
980 320
980 309
980 -1
985 321
985 311
985 -1
990 323
990 313
990 -1
995 325
995 314
995 -1
1000 327
1000 316
1000 -1
1005 328
1005 318
1005 -1
1010 330
1010 319
1010 -1
1015 332
1015 321
1015 -1
1020 333
1020 323
1020 -1
1025 335
1025 324
1025 -1
1030 337
1030 326
1030 -1
1035 339
1035 327
1035 -1
1040 340
1040 329
1040 -1
1045 342
1045 331
1045 -1
1050 344
1050 332
1050 -1
1055 346
1055 334
1055 34
1060 347
1060 336
1060 -1
1065 349
1065 337
1065 -1
1070 351
1070 339
1070 -1
1075 353
1075 341
1075 -1
1080 354
1080 342
1080 -1
1085 356
1085 344
1085 -1
1090 358
1090 345
1090 -1
1095 360
1095 347
1095 -1
1100 361
1100 349
1100 -1
1105 363
1105 351
1105 -1
1110 365
1110 352
1110 -1
1115 366
1115 354
1115 -1
1120 368
1120 355
1120 -1
1125 370
1125 357
1125 -1
1130 372
1130 359
1130 -1
1135 373
1135 361
1135 -1
1140 375
1140 362
1140 -1
1145 377
1145 364
1145 -1
1150 379
1150 365
1150 -1
1155 380
1155 367
1155 -1
1160 382
1160 369
1160 -1
1165 384
1165 371
1165 -1
1170 385
1170 372
1170 -1
1175 387
1175 374
1175 -1
1180 389
1180 375
1180 -1
1185 391
1185 377
1185 -1
1190 392
1190 379
1190 -1
1195 394
1195 380
1195 -1
1200 396
1200 382
1200 -1
1205 398
1205 384
1205 -1
1210 399
1210 385
1210 -1
1215 401
1215 387
1215 -1
1220 403
1220 389
1220 -1
1225 405
1225 390
1225 -1
1230 406
1230 392
1230 -1
1235 408
1235 393
1235 -1
1240 410
1240 395
1240 -1
1245 411
1245 397
1245 -1
1250 413
1250 399
1250 -1
1255 415
1255 400
1255 34
1260 417
1260 402
1260 -1
1265 418
1265 403
1265 -1
1270 420
1270 405
1270 -1
1275 422
1275 407
1275 -1
1280 424
1280 408
1280 -1
1285 425
1285 410
1285 -1
1290 427
1290 412
1290 -1
1295 429
1295 413
1295 -1
1300 431
1300 415
1300 -1
1305 432
1305 417
1305 -1
1310 434
1310 418
1310 -1
1315 436
1315 420
1315 -1
1320 438
1320 422
1320 -1
1325 439
1325 423
1325 -1
1330 441
1330 425
1330 -1
1335 443
1335 427
1335 -1
1340 445
1340 429
1340 -1
1345 446
1345 430
1345 -1
1350 448
1350 432
1350 -1
1355 450
1355 434
1355 -1
1360 452
1360 435
1360 -1
1365 453
1365 437
1365 -1
1370 455
1370 439
1370 -1
1375 457
1375 441
1375 -1
1380 459
1380 442
1380 -1
1385 460
1385 444
1385 -1
1390 462
1390 446
1390 -1
1395 464
1395 447
1395 -1
1400 466
1400 449
1400 -1
1405 467
1405 451
1405 -1
1410 469
1410 453
1410 -1
1415 471
1415 454
1415 -1
1420 473
1420 456
1420 -1
1425 474
1425 458
1425 -1
1430 476
1430 459
1430 -1
1435 478
1435 461
1435 -1
1440 480
1440 463
1440 -1
1445 481
1445 465
1445 -1
1450 483
1450 466
1450 -1
1455 485
1455 468
1455 34
1460 487
1460 470
1460 -1
1465 489
1465 472
1465 -1
1470 490
1470 473
1470 -1
1475 492
1475 475
1475 -1
1480 494
1480 477
1480 -1
1485 496
1485 478
1485 -1
1490 497
1490 480
1490 -1
1495 499
1495 482
1495 -1
1500 501
1500 483
1500 -1
1505 503
1505 485
1505 -1
1510 505
1510 487
1510 -1
1515 506
1515 489
1515 -1
1520 508
1520 490
1520 -1
1525 510
1525 492
1525 -1
1530 512
1530 494
1530 -1
1535 513
1535 495
1535 -1
1540 515
1540 497
1540 -1
1545 517
1545 499
1545 -1
1550 519
1550 501
1550 -1
1555 521
1555 502
1555 -1
1560 523
1560 504
1560 -1
1565 524
1565 506
1565 -1
1570 526
1570 507
1570 -1
1575 528
1575 509
1575 -1
1580 530
1580 511
1580 -1
1585 531
1585 513
1585 -1
1590 533
1590 515
1590 -1
1595 535
1595 516
1595 -1
1600 537
1600 518
1600 -1
1605 539
1605 520
1605 -1
1610 540
1610 521
1610 -1
1615 542
1615 523
1615 -1
1620 544
1620 525
1620 -1
1625 546
1625 527
1625 -1
1630 547
1630 529
1630 -1
1635 549
1635 530
1635 -1
1640 551
1640 532
1640 -1
1645 553
1645 534
1645 -1
1650 555
1650 536
1650 -1
1655 556
1655 537
1655 34
1660 558
1660 539
1660 -1
1665 560
1665 541
1665 -1
1670 562
1670 543
1670 -1
1675 563
1675 545
1675 -1
1680 565
1680 546
1680 -1
1685 567
1685 548
1685 -1
1690 569
1690 550
1690 -1
1695 571
1695 551
1695 -1
1700 573
1700 553
1700 -1
1705 574
1705 555
1705 -1
1710 576
1710 557
1710 -1
1715 578
1715 559
1715 -1
1720 580
1720 560
1720 -1
1725 581
1725 562
1725 -1
1730 583
1730 564
1730 -1
1735 585
1735 565
1735 -1
1740 587
1740 567
1740 -1
1745 589
1745 569
1745 -1
1750 590
1750 571
1750 -1
1755 592
1755 572
1755 -1
1760 594
1760 574
1760 -1
1765 596
1765 576
1765 -1
1770 598
1770 577
1770 -1
1775 599
1775 579
1775 -1
1780 601
1780 581
1780 -1
1785 603
1785 583
1785 -1
1790 605
1790 584
1790 -1
1795 606
1795 586
1795 -1
1800 608
1800 588
1800 -1
1805 610
1805 589
1805 -1
1810 612
1810 591
1810 -1
1815 614
1815 593
1815 -1
1820 615
1820 595
1820 -1
1825 617
1825 596
1825 -1
1830 619
1830 598
1830 -1
1835 621
1835 600
1835 -1
1840 623
1840 601
1840 -1
1845 624
1845 603
1845 -1
1850 626
1850 605
1850 -1
1855 628
1855 607
1855 33
1860 629
1860 608
1860 -1
1865 631
1865 610
1865 -1
1870 633
1870 612
1870 -1
1875 635
1875 614
1875 -1
1880 636
1880 615
1880 -1
1885 638
1885 617
1885 -1
1890 640
1890 619
1890 -1
1895 641
1895 621
1895 -1
1900 643
1900 622
1900 -1
1905 645
1905 624
1905 -1
1910 647
1910 626
1910 -1
1915 648
1915 627
1915 -1
1920 650
1920 629
1920 -1
1925 652
1925 631
1925 -1
1930 653
1930 633
1930 -1
1935 655
1935 634
1935 -1
1940 657
1940 636
1940 -1
1945 659
1945 638
1945 -1
1950 660
1950 639
1950 -1
1955 662
1955 641
1955 -1
1960 664
1960 643
1960 -1
1965 665
1965 645
1965 -1
1970 667
1970 646
1970 -1
1975 669
1975 648
1975 -1
1980 671
1980 650
1980 -1
1985 672
1985 651
1985 -1
1990 674
1990 653
1990 -1
1995 676
1995 655
1995 -1
2000 677
2000 656
2000 -1
2005 679
2005 658
2005 -1
2010 681
2010 660
2010 -1
2015 683
2015 661
2015 -1
2020 685
2020 663
2020 -1
2025 686
2025 665
2025 -1
2030 688
2030 666
2030 -1
2035 690
2035 668
2035 -1
2040 691
2040 670
2040 -1
2045 693
2045 671
2045 -1
2050 695
2050 673
2050 -1
2055 697
2055 675
2055 33
2060 698
2060 676
2060 -1
2065 700
2065 678
2065 -1
2070 702
2070 679
2070 -1
2075 704
2075 681
2075 -1
2080 705
2080 683
2080 -1
2085 707
2085 684
2085 -1
2090 709
2090 686
2090 -1
2095 711
2095 687
2095 -1
2100 712
2100 689
2100 -1
2105 714
2105 691
2105 -1
2110 716
2110 692
2110 -1
2115 718
2115 694
2115 -1
2120 719
2120 696
2120 -1
2125 721
2125 697
2125 -1
2130 723
2130 699
2130 -1
2135 725
2135 701
2135 -1
2140 726
2140 702
2140 -1
2145 728
2145 704
2145 -1
2150 730
2150 706
2150 -1
2155 731
2155 707
2155 -1
2160 733
2160 709
2160 -1
2165 735
2165 711
2165 -1
2170 737
2170 712
2170 -1
2175 738
2175 714
2175 -1
2180 740
2180 716
2180 -1
2185 742
2185 717
2185 -1
2190 744
2190 719
2190 -1
2195 745
2195 721
2195 -1
2200 747
2200 722
2200 -1
2205 749
2205 724
2205 -1
2210 750
2210 725
2210 -1
2215 752
2215 727
2215 -1
2220 754
2220 729
2220 -1
2225 756
2225 731
2225 -1
2230 757
2230 732
2230 -1
2235 759
2235 734
2235 -1
2240 761
2240 735
2240 -1
2245 763
2245 737
2245 -1
2250 765
2250 739
2250 -1
2255 766
2255 741
2255 33
2260 768
2260 742
2260 -1
2265 770
2265 744
2265 -1
2270 771
2270 745
2270 -1
2275 773
2275 747
2275 -1
2280 775
2280 749
2280 -1
2285 777
2285 750
2285 -1
2290 778
2290 752
2290 -1
2295 780
2295 753
2295 -1
2300 782
2300 755
2300 -1
2305 784
2305 757
2305 -1
2310 785
2310 758
2310 -1
2315 787
2315 760
2315 -1
2320 789
2320 762
2320 -1
2325 791
2325 763
2325 -1
2330 793
2330 765
2330 -1
2335 794
2335 767
2335 -1
2340 796
2340 768
2340 -1
2345 798
2345 770
2345 -1
2350 799
2350 771
2350 -1
2355 801
2355 773
2355 -1
2360 803
2360 775
2360 -1
2365 805
2365 777
2365 -1
2370 807
2370 778
2370 -1
2375 808
2375 780
2375 -1
2380 810
2380 781
2380 -1
2385 812
2385 783
2385 -1
2390 814
2390 785
2390 -1
2395 815
2395 787
2395 -1
2400 817
2400 788
2400 -1
2405 819
2405 790
2405 -1
2410 821
2410 792
2410 -1
2415 822
2415 793
2415 -1
2420 824
2420 795
2420 -1
2425 826
2425 797
2425 -1
2430 828
2430 799
2430 -1
2435 829
2435 800
2435 -1
2440 831
2440 802
2440 -1
2445 833
2445 804
2445 -1
2450 835
2450 805
2450 -1
2455 837
2455 807
2455 33
2460 838
2460 809
2460 -1
2465 840
2465 811
2465 -1
2470 842
2470 813
2470 -1
2475 843
2475 814
2475 -1
2480 845
2480 816
2480 -1
2485 847
2485 818
2485 -1
2490 849
2490 819
2490 -1
2495 850
2495 821
2495 -1
2500 852
2500 823
2500 -1
2505 854
2505 824
2505 -1
2510 856
2510 826
2510 -1
2515 857
2515 828
2515 -1
2520 859
2520 830
2520 -1
2525 861
2525 831
2525 -1
2530 863
2530 833
2530 -1
2535 865
2535 835
2535 -1
2540 866
2540 837
2540 -1
2545 868
2545 838
2545 -1
2550 870
2550 840
2550 -1
2555 872
2555 842
2555 -1
2560 873
2560 843
2560 -1
2565 875
2565 845
2565 -1
2570 877
2570 847
2570 -1
2575 879
2575 848
2575 -1
2580 881
2580 850
2580 -1
2585 882
2585 852
2585 -1
2590 884
2590 853
2590 -1
2595 886
2595 855
2595 -1
2600 888
2600 857
2600 -1
2605 889
2605 859
2605 -1
2610 891
2610 860
2610 -1
2615 893
2615 862
2615 -1
2620 895
2620 864
2620 -1
2625 897
2625 865
2625 -1
2630 898
2630 867
2630 -1
2635 900
2635 869
2635 -1
2640 902
2640 871
2640 -1
2645 904
2645 872
2645 -1
2650 905
2650 874
2650 -1
2655 907
2655 876
2655 33
2660 909
2660 878
2660 -1
2665 911
2665 879
2665 -1
2670 913
2670 881
2670 -1
2675 914
2675 883
2675 -1
2680 916
2680 885
2680 -1
2685 918
2685 887
2685 -1
2690 920
2690 888
2690 -1
2695 921
2695 890
2695 -1
2700 923
2700 892
2700 -1
2705 925
2705 893
2705 -1
2710 927
2710 895
2710 -1
2715 929
2715 897
2715 -1
2720 931
2720 899
2720 -1
2725 932
2725 901
2725 -1
2730 934
2730 902
2730 -1
2735 936
2735 904
2735 -1
2740 938
2740 906
2740 -1
2745 939
2745 907
2745 -1
2750 941
2750 909
2750 -1
2755 943
2755 911
2755 -1
2760 945
2760 913
2760 -1
2765 947
2765 914
2765 -1
2770 948
2770 916
2770 -1
2775 950
2775 918
2775 -1
2780 952
2780 920
2780 -1
2785 954
2785 921
2785 -1
2790 956
2790 923
2790 -1
2795 957
2795 925
2795 -1
2800 959
2800 927
2800 -1
2805 961
2805 929
2805 -1
2810 963
2810 930
2810 -1
2815 965
2815 932
2815 -1
2820 967
2820 934
2820 -1
2825 968
2825 935
2825 -1
2830 970
2830 937
2830 -1
2835 972
2835 939
2835 -1
2840 974
2840 941
2840 -1
2845 976
2845 942
2845 -1
2850 977
2850 944
2850 -1
2855 979
2855 946
2855 32
2860 981
2860 947
2860 -1
2865 983
2865 949
2865 -1
2870 985
2870 951
2870 -1
2875 986
2875 953
2875 -1
2880 988
2880 954
2880 -1
2885 990
2885 956
2885 -1
2890 992
2890 958
2890 -1
2895 993
2895 959
2895 -1
2900 995
2900 961
2900 -1
2905 997
2905 963
2905 -1
2910 999
2910 965
2910 -1
2915 1001
2915 966
2915 -1
2920 1002
2920 968
2920 -1
2925 1004
2925 970
2925 -1
2930 1006
2930 971
2930 -1
2935 1008
2935 973
2935 -1
2940 1009
2940 975
2940 -1
2945 1011
2945 977
2945 -1
2950 1013
2950 978
2950 -1
2955 1014
2955 980
2955 -1
2960 1016
2960 982
2960 -1
2965 1018
2965 983
2965 -1
2970 1020
2970 985
2970 -1
2975 1021
2975 987
2975 -1
2980 1023
2980 989
2980 -1
2985 1025
2985 990
2985 -1
2990 1027
2990 992
2990 -1
2995 1028
2995 994
2995 -1
3000 1030
3000 995
3000 -1
3005 1032
3005 997
3005 -1
3010 1034
3010 999
3010 -1
3015 1035
3015 1001
3015 -1
3020 1037
3020 1002
3020 -1
3025 1039
3025 1004
3025 -1
3030 1041
3030 1006
3030 -1
3035 1042
3035 1007
3035 -1
3040 1044
3040 1009
3040 -1
3045 1046
3045 1011
3045 -1
3050 1047
3050 1012
3050 -1
3055 1049
3055 1014
3055 32
3060 1051
3060 1016
3060 -1
3065 1053
3065 1017
3065 -1
3070 1054
3070 1019
3070 -1
3075 1056
3075 1021
3075 -1
3080 1058
3080 1023
3080 -1
3085 1059
3085 1024
3085 -1
3090 1061
3090 1026
3090 -1
3095 1063
3095 1027
3095 -1
3100 1065
3100 1029
3100 -1
3105 1066
3105 1031
3105 -1
3110 1068
3110 1032
3110 -1
3115 1070
3115 1034
3115 -1
3120 1072
3120 1036
3120 -1
3125 1073
3125 1037
3125 -1
3130 1075
3130 1039
3130 -1
3135 1077
3135 1041
3135 -1
3140 1079
3140 1042
3140 -1
3145 1080
3145 1044
3145 -1
3150 1082
3150 1046
3150 -1
3155 1084
3155 1047
3155 -1
3160 1085
3160 1049
3160 -1
3165 1087
3165 1051
3165 -1
3170 1089
3170 1052
3170 -1
3175 1091
3175 1054
3175 -1
3180 1092
3180 1055
3180 -1
3185 1094
3185 1057
3185 -1
3190 1096
3190 1059
3190 -1
3195 1097
3195 1060
3195 -1
3200 1099
3200 1062
3200 -1
3205 1101
3205 1064
3205 -1
3210 1103
3210 1065
3210 -1
3215 1104
3215 1067
3215 -1
3220 1106
3220 1069
3220 -1
3225 1108
3225 1070
3225 -1
3230 1109
3230 1072
3230 -1
3235 1111
3235 1074
3235 -1
3240 1113
3240 1075
3240 -1
3245 1115
3245 1077
3245 -1
3250 1116
3250 1079
3250 -1
3255 1118
3255 1080
3255 32
3260 1120
3260 1082
3260 -1
3265 1121
3265 1084
3265 -1
3270 1123
3270 1085
3270 -1
3275 1125
3275 1087
3275 -1
3280 1127
3280 1089
3280 -1
3285 1128
3285 1090
3285 -1
3290 1130
3290 1092
3290 -1
3295 1132
3295 1094
3295 -1
3300 1133
3300 1095
3300 -1
3305 1135
3305 1097
3305 -1
3310 1137
3310 1099
3310 -1
3315 1139
3315 1100
3315 -1
3320 1140
3320 1102
3320 -1
3325 1142
3325 1103
3325 -1
3330 1144
3330 1105
3330 -1
3335 1145
3335 1107
3335 -1
3340 1147
3340 1108
3340 -1
3345 1149
3345 1110
3345 -1
3350 1151
3350 1112
3350 -1
3355 1152
3355 1113
3355 -1
3360 1154
3360 1115
3360 -1
3365 1156
3365 1117
3365 -1
3370 1157
3370 1118
3370 -1
3375 1159
3375 1120
3375 -1
3380 1161
3380 1121
3380 -1
3385 1163
3385 1123
3385 -1
3390 1165
3390 1125
3390 -1
3395 1166
3395 1127
3395 -1
3400 1168
3400 1128
3400 -1
3405 1170
3405 1130
3405 -1
3410 1172
3410 1131
3410 -1
3415 1173
3415 1133
3415 -1
3420 1175
3420 1135
3420 -1
3425 1177
3425 1137
3425 -1
3430 1179
3430 1138
3430 -1
3435 1180
3435 1140
3435 -1
3440 1182
3440 1142
3440 -1
3445 1184
3445 1143
3445 -1
3450 1186
3450 1145
3450 -1
3455 1187
3455 1147
3455 31
3460 1189
3460 1149
3460 -1
3465 1191
3465 1150
3465 -1
3470 1193
3470 1152
3470 -1
3475 1195
3475 1153
3475 -1
3480 1196
3480 1155
3480 -1
3485 1198
3485 1157
3485 -1
3490 1200
3490 1159
3490 -1
3495 1201
3495 1160
3495 -1
3500 1203
3500 1162
3500 -1
3505 1205
3505 1164
3505 -1
3510 1207
3510 1166
3510 -1
3515 1209
3515 1167
3515 -1
3520 1210
3520 1169
3520 -1
3525 1212
3525 1171
3525 -1
3530 1214
3530 1173
3530 -1
3535 1216
3535 1174
3535 -1
3540 1217
3540 1176
3540 -1
3545 1219
3545 1178
3545 -1
3550 1221
3550 1179
3550 -1
3555 1223
3555 1181
3555 -1
3560 1224
3560 1183
3560 -1
3565 1226
3565 1184
3565 -1
3570 1228
3570 1186
3570 -1
3575 1230
3575 1188
3575 -1
3580 1231
3580 1189
3580 -1
3585 1233
3585 1191
3585 -1
3590 1235
3590 1193
3590 -1
3595 1237
3595 1195
3595 -1
3600 1239
3600 1196
3600 -1
3605 1241
3605 1198
3605 -1
3610 1242
3610 1200
3610 -1
3615 1244
3615 1201
3615 -1
3620 1246
3620 1203
3620 -1
3625 1248
3625 1205
3625 -1
3630 1249
3630 1207
3630 -1
3635 1251
3635 1208
3635 -1
3640 1253
3640 1210
3640 -1
3645 1255
3645 1212
3645 -1
3650 1256
3650 1213
3650 -1
3655 1258
3655 1215
3655 31
3660 1260
3660 1217
3660 -1
3665 1262
3665 1219
3665 -1
3670 1263
3670 1221
3670 -1
3675 1265
3675 1222
3675 -1
3680 1267
3680 1224
3680 -1
3685 1269
3685 1226
3685 -1
3690 1270
3690 1228
3690 -1
3695 1272
3695 1229
3695 -1
3700 1274
3700 1231
3700 -1
3705 1275
3705 1233
3705 -1
3710 1277
3710 1235
3710 -1
3715 1279
3715 1237
3715 -1
3720 1281
3720 1239
3720 -1
3725 1283
3725 1240
3725 -1
3730 1284
3730 1242
3730 -1
3735 1286
3735 1244
3735 -1
3740 1288
3740 1246
3740 -1
3745 1289
3745 1248
3745 -1
3750 1291
3750 1249
3750 -1
3755 1293
3755 1251
3755 -1
3760 1295
3760 1253
3760 -1
3765 1297
3765 1255
3765 -1
3770 1298
3770 1257
3770 -1
3775 1300
3775 1258
3775 -1
3780 1302
3780 1260
3780 -1
3785 1304
3785 1262
3785 -1
3790 1305
3790 1264
3790 -1
3795 1307
3795 1265
3795 -1
3800 1309
3800 1267
3800 -1
3805 1311
3805 1269
3805 -1
3810 1312
3810 1271
3810 -1
3815 1314
3815 1272
3815 -1
3820 1316
3820 1274
3820 -1
3825 1318
3825 1276
3825 -1
3830 1320
3830 1277
3830 -1
3835 1321
3835 1279
3835 -1
3840 1323
3840 1281
3840 -1
3845 1325
3845 1283
3845 -1
3850 1327
3850 1285
3850 -1
3855 1329
3855 1286
3855 30
3860 1330
3860 1288
3860 -1
3865 1332
3865 1290
3865 -1
3870 1334
3870 1291
3870 -1
3875 1336
3875 1293
3875 -1
3880 1337
3880 1295
3880 -1
3885 1339
3885 1297
3885 -1
3890 1341
3890 1298
3890 -1
3895 1343
3895 1300
3895 -1
3900 1345
3900 1302
3900 -1
3905 1346
3905 1303
3905 -1
3910 1348
3910 1305
3910 -1
3915 1350
3915 1307
3915 -1
3920 1351
3920 1309
3920 -1
3925 1353
3925 1310
3925 -1
3930 1355
3930 1312
3930 -1
3935 1357
3935 1314
3935 -1
3940 1359
3940 1316
3940 -1
3945 1360
3945 1317
3945 -1
3950 1362
3950 1319
3950 -1
3955 1364
3955 1321
3955 -1
3960 1365
3960 1322
3960 -1
3965 1367
3965 1324
3965 -1
3970 1369
3970 1326
3970 -1
3975 1371
3975 1327
3975 -1
3980 1372
3980 1329
3980 -1
3985 1374
3985 1331
3985 -1
3990 1376
3990 1333
3990 -1
3995 1378
3995 1334
3995 -1
4000 1379
4000 1336
4000 -1
4005 1381
4005 1338
4005 -1
4010 1383
4010 1339
4010 -1
4015 1385
4015 1341
4015 -1
4020 1386
4020 1343
4020 -1
4025 1388
4025 1345
4025 -1
4030 1390
4030 1346
4030 -1
4035 1391
4035 1348
4035 -1
4040 1393
4040 1350
4040 -1
4045 1395
4045 1351
4045 -1
4050 1397
4050 1353
4050 -1
4055 1398
4055 1355
4055 30
4060 1400
4060 1357
4060 -1
4065 1402
4065 1358
4065 -1
4070 1403
4070 1360
4070 -1
4075 1405
4075 1362
4075 -1
4080 1407
4080 1363
4080 -1
4085 1409
4085 1365
4085 -1
4090 1410
4090 1367
4090 -1
4095 1412
4095 1368
4095 -1
4100 1414
4100 1370
4100 -1
4105 1415
4105 1372
4105 -1
4110 1417
4110 1373
4110 -1
4115 1419
4115 1375
4115 -1
4120 1421
4120 1377
4120 -1
4125 1422
4125 1378
4125 -1
4130 1424
4130 1380
4130 -1
4135 1426
4135 1382
4135 -1
4140 1428
4140 1383
4140 -1
4145 1429
4145 1385
4145 -1
4150 1431
4150 1387
4150 -1
4155 1433
4155 1388
4155 -1
4160 1435
4160 1390
4160 -1
4165 1436
4165 1392
4165 -1
4170 1438
4170 1393
4170 -1
4175 1440
4175 1395
4175 -1
4180 1441
4180 1397
4180 -1
4185 1443
4185 1398
4185 -1
4190 1445
4190 1400
4190 -1
4195 1447
4195 1401
4195 -1
4200 1448
4200 1403
4200 -1
4205 1450
4205 1405
4205 -1
4210 1452
4210 1407
4210 -1
4215 1454
4215 1408
4215 -1
4220 1455
4220 1410
4220 -1
4225 1457
4225 1411
4225 -1
4230 1459
4230 1413
4230 -1
4235 1461
4235 1415
4235 -1
4240 1462
4240 1416
4240 -1
4245 1464
4245 1418
4245 -1
4250 1466
4250 1420
4250 -1
4255 1467
4255 1421
4255 29
4260 1469
4260 1423
4260 -1
4265 1471
4265 1425
4265 -1
4270 1473
4270 1426
4270 -1
4275 1474
4275 1428
4275 -1
4280 1476
4280 1430
4280 -1
4285 1478
4285 1431
4285 -1
4290 1479
4290 1433
4290 -1
4295 1481
4295 1435
4295 -1
4300 1483
4300 1436
4300 -1
4305 1485
4305 1438
4305 -1
4310 1486
4310 1440
4310 -1
4315 1488
4315 1441
4315 -1
4320 1490
4320 1443
4320 -1
4325 1491
4325 1445
4325 -1
4330 1493
4330 1446
4330 -1
4335 1495
4335 1448
4335 -1
4340 1497
4340 1449
4340 -1
4345 1498
4345 1451
4345 -1
4350 1500
4350 1453
4350 -1
4355 1502
4355 1454
4355 -1
4360 1504
4360 1456
4360 -1
4365 1505
4365 1458
4365 -1
4370 1507
4370 1459
4370 -1
4375 1509
4375 1461
4375 -1
4380 1511
4380 1463
4380 -1
4385 1512
4385 1464
4385 -1
4390 1514
4390 1466
4390 -1
4395 1516
4395 1467
4395 -1
4400 1517
4400 1469
4400 -1
4405 1519
4405 1471
4405 -1
4410 1521
4410 1473
4410 -1
4415 1523
4415 1474
4415 -1
4420 1524
4420 1476
4420 -1
4425 1526
4425 1477
4425 -1
4430 1528
4430 1479
4430 -1
4435 1530
4435 1481
4435 -1
4440 1531
4440 1483
4440 -1
4445 1533
4445 1484
4445 -1
4450 1535
4450 1486
4450 -1
4455 1537
4455 1487
4455 29
4460 1538
4460 1489
4460 -1
4465 1540
4465 1491
4465 -1
4470 1542
4470 1493
4470 -1
4475 1544
4475 1494
4475 -1
4480 1545
4480 1496
4480 -1
4485 1547
4485 1497
4485 -1
4490 1549
4490 1499
4490 -1
4495 1551
4495 1501
4495 -1
4500 1552
4500 1503
4500 -1
4505 1554
4505 1504
4505 -1
4510 1556
4510 1506
4510 -1
4515 1558
4515 1508
4515 -1
4520 1559
4520 1509
4520 -1
4525 1561
4525 1511
4525 -1
4530 1563
4530 1513
4530 -1
4535 1564
4535 1515
4535 -1
4540 1566
4540 1516
4540 -1
4545 1568
4545 1518
4545 -1
4550 1570
4550 1520
4550 -1
4555 1571
4555 1521
4555 -1
4560 1573
4560 1523
4560 -1
4565 1575
4565 1525
4565 -1
4570 1577
4570 1527
4570 -1
4575 1579
4575 1528
4575 -1
4580 1580
4580 1530
4580 -1
4585 1582
4585 1532
4585 -1
4590 1584
4590 1534
4590 -1
4595 1585
4595 1535
4595 -1
4600 1587
4600 1537
4600 -1
4605 1589
4605 1539
4605 -1
4610 1591
4610 1540
4610 -1
4615 1593
4615 1542
4615 -1
4620 1594
4620 1544
4620 -1
4625 1596
4625 1545
4625 -1
4630 1598
4630 1547
4630 -1
4635 1600
4635 1549
4635 -1
4640 1601
4640 1551
4640 -1
4645 1603
4645 1552
4645 -1
4650 1605
4650 1554
4650 -1
4655 1607
4655 1556
4655 28
4660 1608
4660 1557
4660 -1
4665 1610
4665 1559
4665 -1
4670 1612
4670 1561
4670 -1
4675 1614
4675 1562
4675 -1
4680 1615
4680 1564
4680 -1
4685 1617
4685 1566
4685 -1
4690 1619
4690 1567
4690 -1
4695 1621
4695 1569
4695 -1
4700 1623
4700 1571
4700 -1
4705 1624
4705 1573
4705 -1
4710 1626
4710 1574
4710 -1
4715 1628
4715 1576
4715 -1
4720 1630
4720 1578
4720 -1
4725 1631
4725 1580
4725 -1
4730 1633
4730 1581
4730 -1
4735 1635
4735 1583
4735 -1
4740 1637
4740 1585
4740 -1
4745 1639
4745 1587
4745 -1
4750 1640
4750 1588
4750 -1
4755 1642
4755 1590
4755 -1
4760 1644
4760 1592
4760 -1
4765 1646
4765 1593
4765 -1
4770 1648
4770 1595
4770 -1
4775 1649
4775 1597
4775 -1
4780 1651
4780 1599
4780 -1
4785 1653
4785 1601
4785 -1
4790 1655
4790 1602
4790 -1
4795 1657
4795 1604
4795 -1
4800 1658
4800 1606
4800 -1
4805 1660
4805 1607
4805 -1
4810 1662
4810 1609
4810 -1
4815 1664
4815 1611
4815 -1
4820 1665
4820 1613
4820 -1
4825 1667
4825 1614
4825 -1
4830 1669
4830 1616
4830 -1
4835 1671
4835 1618
4835 -1
4840 1673
4840 1620
4840 -1
4845 1674
4845 1621
4845 -1
4850 1676
4850 1623
4850 -1
4855 1678
4855 1625
4855 28
4860 1680
4860 1627
4860 -1
4865 1681
4865 1628
4865 -1
4870 1683
4870 1630
4870 -1
4875 1685
4875 1632
4875 -1
4880 1687
4880 1633
4880 -1
4885 1689
4885 1635
4885 -1
4890 1690
4890 1637
4890 -1
4895 1692
4895 1639
4895 -1
4900 1694
4900 1641
4900 -1
4905 1696
4905 1642
4905 -1
4910 1698
4910 1644
4910 -1
4915 1699
4915 1646
4915 -1
4920 1701
4920 1647
4920 -1
4925 1703
4925 1649
4925 -1
4930 1705
4930 1651
4930 -1
4935 1707
4935 1653
4935 -1
4940 1708
4940 1654
4940 -1
4945 1710
4945 1656
4945 -1
4950 1712
4950 1658
4950 -1
4955 1714
4955 1659
4955 -1
4960 1715
4960 1661
4960 -1
4965 1717
4965 1663
4965 -1
4970 1719
4970 1664
4970 -1
4975 1721
4975 1666
4975 -1
4980 1723
4980 1668
4980 -1
4985 1724
4985 1669
4985 -1
4990 1726
4990 1671
4990 -1
4995 1728
4995 1673
4995 -1
5000 1730
5000 1675
5000 -1
5005 1731
5005 1676
5005 -1
5010 1733
5010 1678
5010 -1
5015 1735
5015 1680
5015 -1
5020 1737
5020 1681
5020 -1
5025 1738
5025 1683
5025 -1
5030 1740
5030 1685
5030 -1
5035 1742
5035 1687
5035 -1
5040 1744
5040 1688
5040 -1
5045 1745
5045 1690
5045 -1
5050 1747
5050 1692
5050 -1
5055 1749
5055 1693
5055 28
5060 1751
5060 1695
5060 -1
5065 1753
5065 1697
5065 -1
5070 1754
5070 1699
5070 -1
5075 1756
5075 1700
5075 -1
5080 1758
5080 1702
5080 -1
5085 1759
5085 1704
5085 -1
5090 1761
5090 1705
5090 -1
5095 1763
5095 1707
5095 -1
5100 1765
5100 1709
5100 -1
5105 1766
5105 1710
5105 -1
5110 1768
5110 1712
5110 -1
5115 1770
5115 1714
5115 -1
5120 1771
5120 1715
5120 -1
5125 1773
5125 1717
5125 -1
5130 1775
5130 1719
5130 -1
5135 1777
5135 1721
5135 -1
5140 1778
5140 1722
5140 -1
5145 1780
5145 1724
5145 -1
5150 1782
5150 1725
5150 -1
5155 1783
5155 1727
5155 -1
5160 1785
5160 1729
5160 -1
5165 1787
5165 1731
5165 -1
5170 1789
5170 1732
5170 -1
5175 1790
5175 1734
5175 -1
5180 1792
5180 1735
5180 -1
5185 1794
5185 1737
5185 -1
5190 1796
5190 1739
5190 -1
5195 1797
5195 1740
5195 -1
5200 1799
5200 1742
5200 -1
5205 1801
5205 1744
5205 -1
5210 1802
5210 1745
5210 -1
5215 1804
5215 1747
5215 -1
5220 1806
5220 1749
5220 -1
5225 1808
5225 1750
5225 -1
5230 1809
5230 1752
5230 -1
5235 1811
5235 1754
5235 -1
5240 1813
5240 1755
5240 -1
5245 1815
5245 1757
5245 -1
5250 1816
5250 1759
5250 -1
5255 1818
5255 1760
5255 27
5260 1820
5260 1762
5260 -1
5265 1821
5265 1763
5265 -1
5270 1823
5270 1765
5270 -1
5275 1825
5275 1767
5275 -1
5280 1827
5280 1768
5280 -1
5285 1828
5285 1770
5285 -1
5290 1830
5290 1772
5290 -1
5295 1832
5295 1773
5295 -1
5300 1833
5300 1775
5300 -1
5305 1835
5305 1777
5305 -1
5310 1837
5310 1778
5310 -1
5315 1839
5315 1780
5315 -1
5320 1841
5320 1781
5320 -1
5325 1842
5325 1783
5325 -1
5330 1844
5330 1785
5330 -1
5335 1846
5335 1786
5335 -1
5340 1847
5340 1788
5340 -1
5345 1849
5345 1790
5345 -1
5350 1851
5350 1791
5350 -1
5355 1852
5355 1793
5355 -1
5360 1854
5360 1795
5360 -1
5365 1856
5365 1796
5365 -1
5370 1857
5370 1798
5370 -1
5375 1859
5375 1799
5375 -1
5380 1861
5380 1801
5380 -1
5385 1863
5385 1803
5385 -1
5390 1864
5390 1804
5390 -1
5395 1866
5395 1806
5395 -1
5400 1868
5400 1808
5400 -1
5405 1869
5405 1809
5405 -1
5410 1871
5410 1811
5410 -1
5415 1873
5415 1813
5415 -1
5420 1875
5420 1814
5420 -1
5425 1876
5425 1816
5425 -1
5430 1878
5430 1818
5430 -1
5435 1880
5435 1819
5435 -1
5440 1882
5440 1821
5440 -1
5445 1883
5445 1823
5445 -1
5450 1885
5450 1824
5450 -1
5455 1887
5455 1826
5455 27
5460 1889
5460 1827
5460 -1
5465 1890
5465 1829
5465 -1
5470 1892
5470 1831
5470 -1
5475 1894
5475 1832
5475 -1
5480 1896
5480 1834
5480 -1
5485 1897
5485 1836
5485 -1
5490 1899
5490 1837
5490 -1
5495 1901
5495 1839
5495 -1
5500 1903
5500 1841
5500 -1
5505 1904
5505 1842
5505 -1
5510 1906
5510 1844
5510 -1
5515 1908
5515 1846
5515 -1
5520 1910
5520 1847
5520 -1
5525 1911
5525 1849
5525 -1
5530 1913
5530 1851
5530 -1
5535 1915
5535 1852
5535 -1
5540 1917
5540 1854
5540 -1
5545 1919
5545 1856
5545 -1
5550 1920
5550 1857
5550 -1
5555 1922
5555 1859
5555 -1
5560 1924
5560 1861
5560 -1
5565 1925
5565 1863
5565 -1
5570 1927
5570 1864
5570 -1
5575 1929
5575 1866
5575 -1
5580 1931
5580 1868
5580 -1
5585 1933
5585 1869
5585 -1
5590 1934
5590 1871
5590 -1
5595 1936
5595 1873
5595 -1
5600 1938
5600 1874
5600 -1
5605 1940
5605 1876
5605 -1
5610 1942
5610 1878
5610 -1
5615 1943
5615 1879
5615 -1
5620 1945
5620 1881
5620 -1
5625 1947
5625 1883
5625 -1
5630 1949
5630 1885
5630 -1
5635 1950
5635 1886
5635 -1
5640 1952
5640 1888
5640 -1
5645 1954
5645 1889
5645 -1
5650 1956
5650 1891
5650 -1
5655 1957
5655 1893
5655 26
5660 1959
5660 1895
5660 -1
5665 1961
5665 1896
5665 -1
5670 1963
5670 1898
5670 -1
5675 1965
5675 1900
5675 -1
5680 1966
5680 1901
5680 -1
5685 1968
5685 1903
5685 -1
5690 1970
5690 1905
5690 -1
5695 1972
5695 1907
5695 -1
5700 1973
5700 1908
5700 -1
5705 1975
5705 1910
5705 -1
5710 1977
5710 1911
5710 -1
5715 1979
5715 1913
5715 -1
5720 1981
5720 1915
5720 -1
5725 1982
5725 1917
5725 -1
5730 1984
5730 1918
5730 -1
5735 1986
5735 1920
5735 -1
5740 1988
5740 1922
5740 -1
5745 1989
5745 1923
5745 -1
5750 1991
5750 1925
5750 -1
5755 1993
5755 1927
5755 -1
5760 1995
5760 1929
5760 -1
5765 1997
5765 1930
5765 -1
5770 1998
5770 1932
5770 -1
5775 2000
5775 1934
5775 -1
5780 2002
5780 1935
5780 -1
5785 2004
5785 1937
5785 -1
5790 2005
5790 1939
5790 -1
5795 2007
5795 1941
5795 -1
5800 2009
5800 1942
5800 -1
5805 2011
5805 1944
5805 -1
5810 2013
5810 1946
5810 -1
5815 2014
5815 1947
5815 -1
5820 2016
5820 1949
5820 -1
5825 2018
5825 1951
5825 -1
5830 2020
5830 1953
5830 -1
5835 2021
5835 1954
5835 -1
5840 2023
5840 1956
5840 -1
5845 2025
5845 1958
5845 -1
5850 2027
5850 1959
5850 -1
5855 2029
5855 1961
5855 26
5860 2031
5860 1963
5860 -1
5865 2032
5865 1965
5865 -1
5870 2034
5870 1966
5870 -1
5875 2036
5875 1968
5875 -1
5880 2038
5880 1970
5880 -1
5885 2039
5885 1971
5885 -1
5890 2041
5890 1973
5890 -1
5895 2043
5895 1975
5895 -1
5900 2045
5900 1977
5900 -1
5905 2046
5905 1978
5905 -1
5910 2048
5910 1980
5910 -1
5915 2050
5915 1982
5915 -1
5920 2052
5920 1984
5920 -1
5925 2053
5925 1985
5925 -1
5930 2055
5930 1987
5930 -1
5935 2057
5935 1989
5935 -1
5940 2059
5940 1991
5940 -1
5945 2061
5945 1992
5945 -1
5950 2062
5950 1994
5950 -1
5955 2064
5955 1996
5955 -1
5960 2066
5960 1997
5960 -1
5965 2067
5965 1999
5965 -1
5970 2069
5970 2001
5970 -1
5975 2071
5975 2003
5975 -1
5980 2073
5980 2005
5980 -1
5985 2074
5985 2006
5985 -1
5990 2076
5990 2008
5990 -1
5995 2078
5995 2010
5995 -1
