10 0
10 0
10 -1
15 0
15 0
15 -1
20 0
20 1
20 -1
25 0
25 1
25 -1
30 1
30 1
30 -1
35 1
35 2
35 -1
40 2
40 2
40 -1
45 3
45 3
45 27
50 4
50 4
50 -1
55 5
55 5
55 -1
60 6
60 6
60 -1
65 7
65 7
65 -1
70 8
70 8
70 -1
75 9
75 9
75 -1
80 10
80 10
80 -1
85 11
85 11
85 -1
90 12
90 12
90 -1
95 14
95 13
95 -1
100 15
100 14
100 -1
105 16
105 16
105 -1
110 17
110 17
110 -1
115 19
115 18
115 -1
120 20
120 19
120 -1
125 21
125 21
125 -1
130 23
130 22
130 -1
135 24
135 23
135 -1
140 25
140 25
140 -1
145 27
145 26
145 -1
150 28
150 28
150 -1
155 30
155 29
155 -1
160 31
160 31
160 -1
165 33
165 32
165 -1
170 35
170 34
170 -1
175 36
175 36
175 -1
180 38
180 37
180 -1
185 40
185 39
185 -1
190 41
190 40
190 -1
195 43
195 42
195 -1
200 45
200 44
200 -1
205 46
205 46
205 -1
210 48
210 47
210 -1
215 50
215 49
215 -1
220 51
220 51
220 -1
225 53
225 52
225 -1
230 55
230 54
230 -1
235 56
235 56
235 -1
240 58
240 57
240 -1
245 60
245 59
245 34
250 61
250 61
250 -1
255 63
255 62
255 -1
260 65
260 64
260 -1
265 66
265 66
265 -1
270 68
270 67
270 -1
275 70
275 69
275 -1
280 71
280 70
280 -1
285 73
285 72
285 -1
290 75
290 74
290 -1
295 77
295 76
295 -1
300 78
300 77
300 -1
305 80
305 79
305 -1
310 82
310 81
310 -1
315 84
315 82
315 -1
320 85
320 84
320 -1
325 87
325 86
325 -1
330 89
330 88
330 -1
335 91
335 90
335 -1
340 93
340 91
340 -1
345 94
345 93
345 -1
350 96
350 95
350 -1
355 98
355 96
355 -1
360 100
360 98
360 -1
365 102
365 100
365 -1
370 103
370 102
370 -1
375 105
375 103
375 -1
380 107
380 105
380 -1
385 109
385 107
385 -1
390 110
390 109
390 -1
395 112
395 110
395 -1
400 114
400 112
400 -1
405 115
405 114
405 -1
410 117
410 116
410 -1
415 119
415 118
415 -1
420 121
420 119
420 -1
425 123
425 121
425 -1
430 124
430 123
430 -1
435 126
435 124
435 -1
440 128
440 126
440 -1
445 130
445 128
445 34
450 131
450 130
450 -1
455 133
455 132
455 -1
460 135
460 134
460 -1
465 137
465 135
465 -1
470 139
470 137
470 -1
475 140
475 139
475 -1
480 142
480 141
480 -1
485 144
485 142
485 -1
490 146
490 144
490 -1
495 147
495 146
495 -1
500 149
500 148
500 -1
505 151
505 150
505 -1
510 153
510 151
510 -1
515 155
515 153
515 -1
520 156
520 155
520 -1
525 158
525 157
525 -1
530 160
530 158
530 -1
535 162
535 160
535 -1
540 163
540 162
540 -1
545 165
545 164
545 -1
550 167
550 165
550 -1
555 169
555 167
555 -1
560 171
560 169
560 -1
565 173
565 170
565 -1
570 174
570 172
570 -1
575 176
575 174
575 -1
580 178
580 176
580 -1
585 180
585 177
585 -1
590 181
590 179
590 -1
595 183
595 181
595 -1
600 185
600 182
600 -1
605 187
605 184
605 -1
610 189
610 186
610 -1
615 190
615 188
615 -1
620 192
620 189
620 -1
625 194
625 191
625 -1
630 196
630 193
630 -1
635 198
635 195
635 -1
640 199
640 196
640 -1
645 201
645 198
645 34
650 203
650 200
650 -1
655 205
655 202
655 -1
660 207
660 203
660 -1
665 208
665 205
665 -1
670 210
670 207
670 -1
675 212
675 208
675 -1
680 214
680 210
680 -1
685 215
685 212
685 -1
690 217
690 214
690 -1
695 219
695 215
695 -1
700 221
700 217
700 -1
705 222
705 219
705 -1
710 224
710 221
710 -1
715 226
715 222
715 -1
720 228
720 224
720 -1
725 229
725 226
725 -1
730 231
730 228
730 -1
735 233
735 229
735 -1
740 235
740 231
740 -1
745 237
745 233
745 -1
750 238
750 234
750 -1
755 240
755 236
755 -1
760 242
760 238
760 -1
765 244
765 240
765 -1
770 245
770 241
770 -1
775 247
775 243
775 -1
780 249
780 245
780 -1
785 251
785 246
785 -1
790 252
790 248
790 -1
795 254
795 250
795 -1
800 256
800 252
800 -1
805 258
805 253
805 -1
810 259
810 255
810 -1
815 261
815 256
815 -1
820 263
820 258
820 -1
825 265
825 260
825 -1
830 266
830 262
830 -1
835 268
835 263
835 -1
840 270
840 265
840 -1
845 272
845 266
845 34
850 274
850 268
850 -1
855 275
855 270
855 -1
860 277
860 272
860 -1
865 279
865 273
865 -1
870 281
870 275
870 -1
875 282
875 276
875 -1
880 284
880 278
880 -1
885 286
885 280
885 -1
890 287
890 282
890 -1
895 289
895 283
895 -1
900 291
900 285
900 -1
905 293
905 286
905 -1
910 295
910 288
910 -1
915 296
915 290
915 -1
920 298
920 292
920 -1
925 300
925 293
925 -1
930 301
930 295
930 -1
935 303
935 297
935 -1
940 305
940 298
940 -1
945 307
945 300
945 -1
950 308
950 302
950 -1
955 310
955 303
955 -1
960 312
960 305
960 -1
965 313
965 307
965 -1
970 315
970 308
970 -1
975 317
975 310
975 -1
980 319
980 312
980 -1
985 320
985 313
985 -1
990 322
990 315
990 -1
995 324
995 317
995 -1
1000 326
1000 318
1000 -1
1005 327
1005 320
1005 -1
1010 329
1010 322
1010 -1
1015 331
1015 324
1015 -1
1020 333
1020 325
1020 -1
1025 334
1025 327
1025 -1
1030 336
1030 328
1030 -1
1035 338
1035 330
1035 -1
1040 340
1040 332
1040 -1
1045 341
1045 333
1045 34
1050 343
1050 335
1050 -1
1055 345
1055 337
1055 -1
1060 347
1060 338
1060 -1
1065 349
1065 340
1065 -1
1070 350
1070 342
1070 -1
1075 352
1075 343
1075 -1
1080 354
1080 345
1080 -1
1085 355
1085 346
1085 -1
1090 357
1090 348
1090 -1
1095 359
1095 350
1095 -1
1100 361
1100 352
1100 -1
1105 363
1105 353
1105 -1
1110 364
1110 355
1110 -1
1115 366
1115 356
1115 -1
1120 368
1120 358
1120 -1
1125 370
1125 360
1125 -1
1130 372
1130 361
1130 -1
1135 373
1135 363
1135 -1
1140 375
1140 365
1140 -1
1145 377
1145 366
1145 -1
1150 379
1150 368
1150 -1
1155 381
1155 370
1155 -1
1160 382
1160 372
1160 -1
1165 384
1165 373
1165 -1
1170 386
1170 375
1170 -1
1175 388
1175 377
1175 -1
1180 389
1180 378
1180 -1
1185 391
1185 380
1185 -1
1190 393
1190 382
1190 -1
1195 395
1195 384
1195 -1
1200 397
1200 385
1200 -1
1205 399
1205 387
1205 -1
1210 400
1210 389
1210 -1
1215 402
1215 390
1215 -1
1220 404
1220 392
1220 -1
1225 405
1225 394
1225 -1
1230 407
1230 396
1230 -1
1235 409
1235 397
1235 -1
1240 411
1240 399
1240 -1
1245 413
1245 401
1245 34
1250 414
1250 402
1250 -1
1255 416
1255 404
1255 -1
1260 418
1260 406
1260 -1
1265 420
1265 407
1265 -1
1270 422
1270 409
1270 -1
1275 423
1275 411
1275 -1
1280 425
1280 412
1280 -1
1285 427
1285 414
1285 -1
1290 429
1290 416
1290 -1
1295 430
1295 418
1295 -1
1300 432
1300 419
1300 -1
1305 434
1305 421
1305 -1
1310 436
1310 423
1310 -1
1315 438
1315 424
1315 -1
1320 439
1320 426
1320 -1
1325 441
1325 428
1325 -1
1330 443
1330 429
1330 -1
1335 445
1335 431
1335 -1
1340 447
1340 433
1340 -1
1345 448
1345 434
1345 -1
1350 450
1350 436
1350 -1
1355 452
1355 438
1355 -1
1360 454
1360 440
1360 -1
1365 455
1365 441
1365 -1
1370 457
1370 443
1370 -1
1375 459
1375 445
1375 -1
1380 461
1380 447
1380 -1
1385 463
1385 448
1385 -1
1390 464
1390 450
1390 -1
1395 466
1395 452
1395 -1
1400 468
1400 454
1400 -1
1405 470
1405 455
1405 -1
1410 471
1410 457
1410 -1
1415 473
1415 459
1415 -1
1420 475
1420 460
1420 -1
1425 477
1425 462
1425 -1
1430 478
1430 464
1430 -1
1435 480
1435 466
1435 -1
1440 482
1440 468
1440 -1
1445 484
1445 469
1445 34
1450 486
1450 471
1450 -1
1455 487
1455 473
1455 -1
1460 489
1460 474
1460 -1
1465 491
1465 476
1465 -1
1470 493
1470 478
1470 -1
1475 494
1475 480
1475 -1
1480 496
1480 482
1480 -1
1485 498
1485 483
1485 -1
1490 500
1490 485
1490 -1
1495 501
1495 487
1495 -1
1500 503
1500 489
1500 -1
1505 505
1505 490
1505 -1
1510 507
1510 492
1510 -1
1515 509
1515 494
1515 -1
1520 510
1520 496
1520 -1
1525 512
1525 497
1525 -1
1530 514
1530 499
1530 -1
1535 516
1535 501
1535 -1
1540 517
1540 503
1540 -1
1545 519
1545 504
1545 -1
1550 521
1550 506
1550 -1
1555 523
1555 508
1555 -1
1560 525
1560 510
1560 -1
1565 526
1565 511
1565 -1
1570 528
1570 513
1570 -1
1575 530
1575 515
1575 -1
1580 532
1580 517
1580 -1
1585 534
1585 518
1585 -1
1590 535
1590 520
1590 -1
1595 537
1595 522
1595 -1
1600 539
1600 524
1600 -1
1605 541
1605 525
1605 -1
1610 543
1610 527
1610 -1
1615 544
1615 529
1615 -1
1620 546
1620 530
1620 -1
1625 548
1625 532
1625 -1
1630 550
1630 534
1630 -1
1635 551
1635 536
1635 -1
1640 553
1640 538
1640 -1
1645 555
1645 539
1645 34
1650 557
1650 541
1650 -1
1655 559
1655 543
1655 -1
1660 561
1660 544
1660 -1
1665 562
1665 546
1665 -1
1670 564
1670 548
1670 -1
1675 566
1675 550
1675 -1
1680 568
1680 551
1680 -1
1685 569
1685 553
1685 -1
1690 571
1690 555
1690 -1
1695 573
1695 556
1695 -1
1700 575
1700 558
1700 -1
1705 577
1705 560
1705 -1
1710 578
1710 562
1710 -1
1715 580
1715 564
1715 -1
1720 582
1720 565
1720 -1
1725 584
1725 567
1725 -1
1730 586
1730 569
1730 -1
1735 587
1735 570
1735 -1
1740 589
1740 572
1740 -1
1745 591
1745 574
1745 -1
1750 593
1750 576
1750 -1
1755 595
1755 577
1755 -1
1760 596
1760 579
1760 -1
1765 598
1765 581
1765 -1
1770 600
1770 582
1770 -1
1775 601
1775 584
1775 -1
1780 603
1780 586
1780 -1
1785 605
1785 588
1785 -1
1790 607
1790 589
1790 -1
1795 609
1795 591
1795 -1
1800 611
1800 593
1800 -1
1805 612
1805 594
1805 -1
1810 614
1810 596
1810 -1
1815 616
1815 598
1815 -1
1820 617
1820 599
1820 -1
1825 619
1825 601
1825 -1
1830 621
1830 603
1830 -1
1835 623
1835 604
1835 -1
1840 625
1840 606
1840 -1
1845 626
1845 608
1845 33
1850 628
1850 610
1850 -1
1855 630
1855 611
1855 -1
1860 632
1860 613
1860 -1
1865 633
1865 614
1865 -1
1870 635
1870 616
1870 -1
1875 637
1875 618
1875 -1
1880 639
1880 620
1880 -1
1885 641
1885 621
1885 -1
1890 642
1890 623
1890 -1
1895 644
1895 625
1895 -1
1900 646
1900 626
1900 -1
1905 647
1905 628
1905 -1
1910 649
1910 630
1910 -1
1915 651
1915 631
1915 -1
1920 653
1920 633
1920 -1
1925 654
1925 635
1925 -1
1930 656
1930 636
1930 -1
1935 658
1935 638
1935 -1
1940 660
1940 640
1940 -1
1945 661
1945 641
1945 -1
1950 663
1950 643
1950 -1
1955 665
1955 645
1955 -1
1960 666
1960 646
1960 -1
1965 668
1965 648
1965 -1
1970 670
1970 650
1970 -1
1975 671
1975 651
1975 -1
1980 673
1980 653
1980 -1
1985 675
1985 655
1985 -1
1990 677
1990 656
1990 -1
1995 679
1995 658
1995 -1
2000 680
2000 660
2000 -1
2005 682
2005 661
2005 -1
2010 684
2010 663
2010 -1
2015 685
2015 665
2015 -1
2020 687
2020 666
2020 -1
2025 689
2025 668
2025 -1
2030 691
2030 670
2030 -1
2035 692
2035 671
2035 -1
2040 694
2040 673
2040 -1
2045 696
2045 675
2045 33
2050 697
2050 676
2050 -1
2055 699
2055 678
2055 -1
2060 701
2060 680
2060 -1
2065 703
2065 681
2065 -1
2070 704
2070 683
2070 -1
2075 706
2075 685
2075 -1
2080 708
2080 686
2080 -1
2085 710
2085 688
2085 -1
2090 711
2090 690
2090 -1
2095 713
2095 691
2095 -1
2100 715
2100 693
2100 -1
2105 717
2105 694
2105 -1
2110 718
2110 696
2110 -1
2115 720
2115 698
2115 -1
2120 722
2120 699
2120 -1
2125 723
2125 701
2125 -1
2130 725
2130 703
2130 -1
2135 727
2135 704
2135 -1
2140 729
2140 706
2140 -1
2145 731
2145 708
2145 -1
2150 732
2150 709
2150 -1
2155 734
2155 711
2155 -1
2160 736
2160 713
2160 -1
2165 738
2165 714
2165 -1
2170 739
2170 716
2170 -1
2175 741
2175 718
2175 -1
2180 743
2180 719
2180 -1
2185 745
2185 721
2185 -1
2190 746
2190 723
2190 -1
2195 748
2195 724
2195 -1
2200 750
2200 726
2200 -1
2205 752
2205 728
2205 -1
2210 753
2210 730
2210 -1
2215 755
2215 731
2215 -1
2220 757
2220 733
2220 -1
2225 759
2225 735
2225 -1
2230 761
2230 736
2230 -1
2235 762
2235 738
2235 -1
2240 764
2240 740
2240 -1
2245 766
2245 742
2245 33
2250 767
2250 743
2250 -1
2255 769
2255 745
2255 -1
2260 771
2260 747
2260 -1
2265 773
2265 748
2265 -1
2270 775
2270 750
2270 -1
2275 776
2275 752
2275 -1
2280 778
2280 754
2280 -1
2285 780
2285 755
2285 -1
2290 782
2290 757
2290 -1
2295 783
2295 759
2295 -1
2300 785
2300 760
2300 -1
2305 787
2305 762
2305 -1
2310 789
2310 764
2310 -1
2315 790
2315 766
2315 -1
2320 792
2320 767
2320 -1
2325 794
2325 769
2325 -1
2330 796
2330 771
2330 -1
2335 797
2335 772
2335 -1
2340 799
2340 774
2340 -1
2345 801
2345 776
2345 -1
2350 803
2350 778
2350 -1
2355 805
2355 779
2355 -1
2360 806
2360 781
2360 -1
2365 808
2365 783
2365 -1
2370 810
2370 784
2370 -1
2375 812
2375 786
2375 -1
2380 813
2380 788
2380 -1
2385 815
2385 789
2385 -1
2390 817
2390 791
2390 -1
2395 819
2395 793
2395 -1
2400 821
2400 794
2400 -1
2405 823
2405 796
2405 -1
2410 824
2410 798
2410 -1
2415 826
2415 800
2415 -1
2420 828
2420 801
2420 -1
2425 830
2425 803
2425 -1
2430 831
2430 805
2430 -1
2435 833
2435 807
2435 -1
2440 835
2440 808
2440 -1
2445 837
2445 810
2445 33
2450 839
2450 812
2450 -1
2455 840
2455 814
2455 -1
2460 842
2460 815
2460 -1
2465 844
2465 817
2465 -1
2470 846
2470 819
2470 -1
2475 848
2475 820
2475 -1
2480 849
2480 822
2480 -1
2485 851
2485 824
2485 -1
2490 853
2490 826
2490 -1
2495 855
2495 828
2495 -1
2500 857
2500 829
2500 -1
2505 858
2505 831
2505 -1
2510 860
2510 833
2510 -1
2515 862
2515 835
2515 -1
2520 864
2520 836
2520 -1
2525 865
2525 838
2525 -1
2530 867
2530 840
2530 -1
2535 869
2535 842
2535 -1
2540 871
2540 843
2540 -1
2545 873
2545 845
2545 -1
2550 874
2550 847
2550 -1
2555 876
2555 849
2555 -1
2560 878
2560 850
2560 -1
2565 880
2565 852
2565 -1
2570 881
2570 854
2570 -1
2575 883
2575 856
2575 -1
2580 885
2580 858
2580 -1
2585 887
2585 859
2585 -1
2590 889
2590 861
2590 -1
2595 890
2595 863
2595 -1
2600 892
2600 864
2600 -1
2605 894
2605 866
2605 -1
2610 896
2610 868
2610 -1
2615 897
2615 870
2615 -1
2620 899
2620 871
2620 -1
2625 901
2625 873
2625 -1
2630 903
2630 875
2630 -1
2635 905
2635 876
2635 -1
2640 906
2640 878
2640 -1
2645 908
2645 880
2645 32
2650 910
2650 882
2650 -1
2655 912
2655 883
2655 -1
2660 913
2660 885
2660 -1
2665 915
2665 887
2665 -1
2670 917
2670 888
2670 -1
2675 919
2675 890
2675 -1
2680 921
2680 892
2680 -1
2685 923
2685 894
2685 -1
2690 924
2690 895
2690 -1
2695 926
2695 897
2695 -1
2700 928
2700 899
2700 -1
2705 930
2705 901
2705 -1
2710 931
2710 902
2710 -1
2715 933
2715 904
2715 -1
2720 935
2720 906
2720 -1
2725 937
2725 908
2725 -1
2730 938
2730 909
2730 -1
2735 940
2735 911
2735 -1
2740 942
2740 912
2740 -1
2745 944
2745 914
2745 -1
2750 946
2750 916
2750 -1
2755 947
2755 918
2755 -1
2760 949
2760 920
2760 -1
2765 951
2765 921
2765 -1
2770 953
2770 923
2770 -1
2775 955
2775 925
2775 -1
2780 956
2780 926
2780 -1
2785 958
2785 928
2785 -1
2790 960
2790 930
2790 -1
2795 962
2795 932
2795 -1
2800 963
2800 933
2800 -1
2805 965
2805 935
2805 -1
2810 967
2810 937
2810 -1
2815 969
2815 939
2815 -1
2820 971
2820 940
2820 -1
2825 972
2825 942
2825 -1
2830 974
2830 944
2830 -1
2835 976
2835 946
2835 -1
2840 978
2840 947
2840 -1
2845 979
2845 949
2845 32
2850 981
2850 951
2850 -1
2855 983
2855 952
2855 -1
2860 985
2860 954
2860 -1
2865 987
2865 956
2865 -1
2870 988
2870 958
2870 -1
2875 990
2875 959
2875 -1
2880 992
2880 961
2880 -1
2885 994
2885 963
2885 -1
2890 995
2890 964
2890 -1
2895 997
2895 966
2895 -1
2900 999
2900 968
2900 -1
2905 1001
2905 970
2905 -1
2910 1003
2910 971
2910 -1
2915 1004
2915 973
2915 -1
2920 1006
2920 975
2920 -1
2925 1008
2925 976
2925 -1
2930 1010
2930 978
2930 -1
2935 1011
2935 980
2935 -1
2940 1013
2940 981
2940 -1
2945 1015
2945 983
2945 -1
2950 1017
2950 985
2950 -1
2955 1018
2955 986
2955 -1
2960 1020
2960 988
2960 -1
2965 1022
2965 990
2965 -1
2970 1024
2970 991
2970 -1
2975 1025
2975 993
2975 -1
2980 1027
2980 995
2980 -1
2985 1029
2985 996
2985 -1
2990 1031
2990 998
2990 -1
2995 1032
2995 1000
2995 -1
3000 1034
3000 1001
3000 -1
3005 1036
3005 1003
3005 -1
3010 1038
3010 1004
3010 -1
3015 1039
3015 1006
3015 -1
3020 1041
3020 1008
3020 -1
3025 1043
3025 1010
3025 -1
3030 1045
3030 1011
3030 -1
3035 1046
3035 1013
3035 -1
3040 1048
3040 1015
3040 -1
3045 1050
3045 1016
3045 32
3050 1052
3050 1018
3050 -1
3055 1053
3055 1020
3055 -1
3060 1055
3060 1021
3060 -1
3065 1057
3065 1023
3065 -1
3070 1059
3070 1025
3070 -1
3075 1060
3075 1026
3075 -1
3080 1062
3080 1028
3080 -1
3085 1064
3085 1030
3085 -1
3090 1066
3090 1031
3090 -1
3095 1067
3095 1033
3095 -1
3100 1069
3100 1034
3100 -1
3105 1071
3105 1036
3105 -1
3110 1073
3110 1038
3110 -1
3115 1074
3115 1039
3115 -1
3120 1076
3120 1041
3120 -1
3125 1078
3125 1043
3125 -1
3130 1079
3130 1044
3130 -1
3135 1081
3135 1046
3135 -1
3140 1083
3140 1048
3140 -1
3145 1085
3145 1049
3145 -1
3150 1087
3150 1051
3150 -1
3155 1088
3155 1052
3155 -1
3160 1090
3160 1054
3160 -1
3165 1092
3165 1056
3165 -1
3170 1094
3170 1057
3170 -1
3175 1095
3175 1059
3175 -1
3180 1097
3180 1060
3180 -1
3185 1099
3185 1062
3185 -1
3190 1101
3190 1064
3190 -1
3195 1103
3195 1066
3195 -1
3200 1104
3200 1067
3200 -1
3205 1106
3205 1069
3205 -1
3210 1108
3210 1070
3210 -1
3215 1110
3215 1072
3215 -1
3220 1112
3220 1074
3220 -1
3225 1113
3225 1075
3225 -1
3230 1115
3230 1077
3230 -1
3235 1117
3235 1079
3235 -1
3240 1119
3240 1080
3240 -1
3245 1120
3245 1082
3245 31
3250 1122
3250 1084
3250 -1
3255 1124
3255 1085
3255 -1
3260 1126
3260 1087
3260 -1
3265 1127
3265 1089
3265 -1
3270 1129
3270 1090
3270 -1
3275 1131
3275 1092
3275 -1
3280 1133
3280 1094
3280 -1
3285 1135
3285 1096
3285 -1
3290 1136
3290 1097
3290 -1
3295 1138
3295 1099
3295 -1
3300 1140
3300 1100
3300 -1
3305 1142
3305 1102
3305 -1
3310 1143
3310 1104
3310 -1
3315 1145
3315 1106
3315 -1
3320 1147
3320 1107
3320 -1
3325 1149
3325 1109
3325 -1
3330 1150
3330 1111
3330 -1
3335 1152
3335 1112
3335 -1
3340 1154
3340 1114
3340 -1
3345 1156
3345 1116
3345 -1
3350 1157
3350 1118
3350 -1
3355 1159
3355 1119
3355 -1
3360 1161
3360 1121
3360 -1
3365 1163
3365 1122
3365 -1
3370 1164
3370 1124
3370 -1
3375 1166
3375 1126
3375 -1
3380 1168
3380 1128
3380 -1
3385 1170
3385 1129
3385 -1
3390 1171
3390 1131
3390 -1
3395 1173
3395 1133
3395 -1
3400 1175
3400 1134
3400 -1
3405 1177
3405 1136
3405 -1
3410 1178
3410 1138
3410 -1
3415 1180
3415 1140
3415 -1
3420 1182
3420 1141
3420 -1
3425 1184
3425 1143
3425 -1
3430 1185
3430 1145
3430 -1
3435 1187
3435 1146
3435 -1
3440 1189
3440 1148
3440 -1
3445 1191
3445 1150
3445 31
3450 1192
3450 1152
3450 -1
3455 1194
3455 1153
3455 -1
3460 1196
3460 1155
3460 -1
3465 1198
3465 1157
3465 -1
3470 1199
3470 1158
3470 -1
3475 1201
3475 1160
3475 -1
3480 1203
3480 1162
3480 -1
3485 1205
3485 1164
3485 -1
3490 1207
3490 1166
3490 -1
3495 1208
3495 1167
3495 -1
3500 1210
3500 1169
3500 -1
3505 1212
3505 1171
3505 -1
3510 1214
3510 1172
3510 -1
3515 1216
3515 1174
3515 -1
3520 1217
3520 1176
3520 -1
3525 1219
3525 1178
3525 -1
3530 1221
3530 1179
3530 -1
3535 1223
3535 1181
3535 -1
3540 1224
3540 1183
3540 -1
3545 1226
3545 1185
3545 -1
3550 1228
3550 1186
3550 -1
3555 1230
3555 1188
3555 -1
3560 1232
3560 1190
3560 -1
3565 1233
3565 1192
3565 -1
3570 1235
3570 1194
3570 -1
3575 1237
3575 1195
3575 -1
3580 1239
3580 1197
3580 -1
3585 1241
3585 1199
3585 -1
3590 1242
3590 1200
3590 -1
3595 1244
3595 1202
3595 -1
3600 1246
3600 1204
3600 -1
3605 1248
3605 1206
3605 -1
3610 1249
3610 1208
3610 -1
3615 1251
3615 1209
3615 -1
3620 1253
3620 1211
3620 -1
3625 1255
3625 1213
3625 -1
3630 1257
3630 1214
3630 -1
3635 1258
3635 1216
3635 -1
3640 1260
3640 1218
3640 -1
3645 1262
3645 1220
3645 30
3650 1264
3650 1222
3650 -1
3655 1265
3655 1223
3655 -1
3660 1267
3660 1225
3660 -1
3665 1269
3665 1227
3665 -1
3670 1271
3670 1229
3670 -1
3675 1272
3675 1230
3675 -1
3680 1274
3680 1232
3680 -1
3685 1276
3685 1234
3685 -1
3690 1278
3690 1236
3690 -1
3695 1279
3695 1238
3695 -1
3700 1281
3700 1239
3700 -1
3705 1283
3705 1241
3705 -1
3710 1285
3710 1243
3710 -1
3715 1287
3715 1245
3715 -1
3720 1288
3720 1246
3720 -1
3725 1290
3725 1248
3725 -1
3730 1292
3730 1250
3730 -1
3735 1293
3735 1252
3735 -1
3740 1295
3740 1254
3740 -1
3745 1297
3745 1255
3745 -1
3750 1299
3750 1257
3750 -1
3755 1301
3755 1259
3755 -1
3760 1302
3760 1261
3760 -1
3765 1304
3765 1262
3765 -1
3770 1306
3770 1264
3770 -1
3775 1308
3775 1266
3775 -1
3780 1309
3780 1268
3780 -1
3785 1311
3785 1269
3785 -1
3790 1313
3790 1271
3790 -1
3795 1315
3795 1273
3795 -1
3800 1317
3800 1274
3800 -1
3805 1318
3805 1276
3805 -1
3810 1320
3810 1278
3810 -1
3815 1322
3815 1280
3815 -1
3820 1324
3820 1281
3820 -1
3825 1325
3825 1283
3825 -1
3830 1327
3830 1285
3830 -1
3835 1329
3835 1286
3835 -1
3840 1331
3840 1288
3840 -1
3845 1333
3845 1290
3845 30
3850 1334
3850 1291
3850 -1
3855 1336
3855 1293
3855 -1
3860 1338
3860 1295
3860 -1
3865 1340
3865 1296
3865 -1
3870 1341
3870 1298
3870 -1
3875 1343
3875 1300
3875 -1
3880 1345
3880 1302
3880 -1
3885 1347
3885 1303
3885 -1
3890 1348
3890 1305
3890 -1
3895 1350
3895 1307
3895 -1
3900 1352
3900 1308
3900 -1
3905 1354
3905 1310
3905 -1
3910 1355
3910 1312
3910 -1
3915 1357
3915 1314
3915 -1
3920 1359
3920 1315
3920 -1
3925 1361
3925 1317
3925 -1
3930 1362
3930 1318
3930 -1
3935 1364
3935 1320
3935 -1
3940 1366
3940 1322
3940 -1
3945 1367
3945 1324
3945 -1
3950 1369
3950 1325
3950 -1
3955 1371
3955 1327
3955 -1
3960 1373
3960 1329
3960 -1
3965 1375
3965 1330
3965 -1
3970 1376
3970 1332
3970 -1
3975 1378
3975 1334
3975 -1
3980 1380
3980 1336
3980 -1
3985 1381
3985 1337
3985 -1
3990 1383
3990 1339
3990 -1
3995 1385
3995 1340
3995 -1
4000 1387
4000 1342
4000 -1
4005 1388
4005 1344
4005 -1
4010 1390
4010 1346
4010 -1
4015 1392
4015 1347
4015 -1
4020 1393
4020 1349
4020 -1
4025 1395
4025 1350
4025 -1
4030 1397
4030 1352
4030 -1
4035 1399
4035 1354
4035 -1
4040 1400
4040 1356
4040 -1
4045 1402
4045 1357
4045 29
4050 1404
4050 1359
4050 -1
4055 1405
4055 1360
4055 -1
4060 1407
4060 1362
4060 -1
4065 1409
4065 1364
4065 -1
4070 1411
4070 1366
4070 -1
4075 1412
4075 1367
4075 -1
4080 1414
4080 1369
4080 -1
4085 1416
4085 1370
4085 -1
4090 1417
4090 1372
4090 -1
4095 1419
4095 1374
4095 -1
4100 1421
4100 1376
4100 -1
4105 1423
4105 1377
4105 -1
4110 1424
4110 1379
4110 -1
4115 1426
4115 1381
4115 -1
4120 1428
4120 1382
4120 -1
4125 1429
4125 1384
4125 -1
4130 1431
4130 1386
4130 -1
4135 1433
4135 1387
4135 -1
4140 1435
4140 1389
4140 -1
4145 1436
4145 1390
4145 -1
4150 1438
4150 1392
4150 -1
4155 1440
4155 1394
4155 -1
4160 1441
4160 1396
4160 -1
4165 1443
4165 1397
4165 -1
4170 1445
4170 1399
4170 -1
4175 1447
4175 1400
4175 -1
4180 1449
4180 1402
4180 -1
4185 1450
4185 1404
4185 -1
4190 1452
4190 1406
4190 -1
4195 1454
4195 1407
4195 -1
4200 1455
4200 1409
4200 -1
4205 1457
4205 1410
4205 -1
4210 1459
4210 1412
4210 -1
4215 1461
4215 1414
4215 -1
4220 1462
4220 1415
4220 -1
4225 1464
4225 1417
4225 -1
4230 1466
4230 1419
4230 -1
4235 1468
4235 1420
4235 -1
4240 1470
4240 1422
4240 -1
4245 1471
4245 1424
4245 29
4250 1473
4250 1426
4250 -1
4255 1475
4255 1427
4255 -1
4260 1477
4260 1429
4260 -1
4265 1478
4265 1430
4265 -1
4270 1480
4270 1432
4270 -1
4275 1482
4275 1434
4275 -1
4280 1484
4280 1436
4280 -1
4285 1485
4285 1437
4285 -1
4290 1487
4290 1439
4290 -1
4295 1489
4295 1440
4295 -1
4300 1491
4300 1442
4300 -1
4305 1493
4305 1444
4305 -1
4310 1494
4310 1446
4310 -1
4315 1496
4315 1447
4315 -1
4320 1498
4320 1449
4320 -1
4325 1500
4325 1451
4325 -1
4330 1501
4330 1452
4330 -1
4335 1503
4335 1454
4335 -1
4340 1505
4340 1456
4340 -1
4345 1507
4345 1458
4345 -1
4350 1509
4350 1459
4350 -1
4355 1510
4355 1461
4355 -1
4360 1512
4360 1462
4360 -1
4365 1514
4365 1464
4365 -1
4370 1516
4370 1466
4370 -1
4375 1517
4375 1468
4375 -1
4380 1519
4380 1469
4380 -1
4385 1521
4385 1471
4385 -1
4390 1523
4390 1473
4390 -1
4395 1525
4395 1474
4395 -1
4400 1526
4400 1476
4400 -1
4405 1528
4405 1478
4405 -1
4410 1530
4410 1479
4410 -1
4415 1531
4415 1481
4415 -1
4420 1533
4420 1483
4420 -1
4425 1535
4425 1484
4425 -1
4430 1537
4430 1486
4430 -1
4435 1539
4435 1488
4435 -1
4440 1540
4440 1490
4440 -1
4445 1542
4445 1491
4445 28
4450 1544
4450 1493
4450 -1
4455 1546
4455 1495
4455 -1
4460 1547
4460 1496
4460 -1
4465 1549
4465 1498
4465 -1
4470 1551
4470 1500
4470 -1
4475 1553
4475 1502
4475 -1
4480 1554
4480 1503
4480 -1
4485 1556
4485 1505
4485 -1
4490 1558
4490 1507
4490 -1
4495 1560
4495 1508
4495 -1
4500 1561
4500 1510
4500 -1
4505 1563
4505 1512
4505 -1
4510 1565
4510 1513
4510 -1
4515 1567
4515 1515
4515 -1
4520 1569
4520 1517
4520 -1
4525 1570
4525 1519
4525 -1
4530 1572
4530 1520
4530 -1
4535 1574
4535 1522
4535 -1
4540 1576
4540 1524
4540 -1
4545 1577
4545 1526
4545 -1
4550 1579
4550 1527
4550 -1
4555 1581
4555 1529
4555 -1
4560 1583
4560 1531
4560 -1
4565 1585
4565 1532
4565 -1
4570 1586
4570 1534
4570 -1
4575 1588
4575 1536
4575 -1
4580 1590
4580 1538
4580 -1
4585 1592
4585 1540
4585 -1
4590 1593
4590 1541
4590 -1
4595 1595
4595 1543
4595 -1
4600 1597
4600 1545
4600 -1
4605 1599
4605 1547
4605 -1
4610 1601
4610 1548
4610 -1
4615 1602
4615 1550
4615 -1
4620 1604
4620 1552
4620 -1
4625 1606
4625 1554
4625 -1
4630 1608
4630 1555
4630 -1
4635 1609
4635 1557
4635 -1
4640 1611
4640 1559
4640 -1
4645 1613
4645 1560
4645 28
4650 1615
4650 1562
4650 -1
4655 1617
4655 1564
4655 -1
4660 1618
4660 1566
4660 -1
4665 1620
4665 1568
4665 -1
4670 1622
4670 1569
4670 -1
4675 1624
4675 1571
4675 -1
4680 1625
4680 1573
4680 -1
4685 1627
4685 1574
4685 -1
4690 1629
4690 1576
4690 -1
4695 1631
4695 1578
4695 -1
4700 1632
4700 1580
4700 -1
4705 1634
4705 1582
4705 -1
4710 1636
4710 1583
4710 -1
4715 1638
4715 1585
4715 -1
4720 1640
4720 1587
4720 -1
4725 1641
4725 1588
4725 -1
4730 1643
4730 1590
4730 -1
4735 1645
4735 1592
4735 -1
4740 1647
4740 1594
4740 -1
4745 1649
4745 1596
4745 -1
4750 1650
4750 1597
4750 -1
4755 1652
4755 1599
4755 -1
4760 1654
4760 1601
4760 -1
4765 1656
4765 1602
4765 -1
4770 1657
4770 1604
4770 -1
4775 1659
4775 1606
4775 -1
4780 1661
4780 1608
4780 -1
4785 1663
4785 1609
4785 -1
4790 1665
4790 1611
4790 -1
4795 1667
4795 1613
4795 -1
4800 1668
4800 1614
4800 -1
4805 1670
4805 1616
4805 -1
4810 1672
4810 1618
4810 -1
4815 1674
4815 1620
4815 -1
4820 1675
4820 1622
4820 -1
4825 1677
4825 1623
4825 -1
4830 1679
4830 1625
4830 -1
4835 1681
4835 1626
4835 -1
4840 1683
4840 1628
4840 -1
4845 1684
4845 1630
4845 27
4850 1686
4850 1632
4850 -1
4855 1688
4855 1633
4855 -1
4860 1690
4860 1635
4860 -1
4865 1692
4865 1637
4865 -1
4870 1693
4870 1638
4870 -1
4875 1695
4875 1640
4875 -1
4880 1697
4880 1642
4880 -1
4885 1699
4885 1644
4885 -1
4890 1700
4890 1645
4890 -1
4895 1702
4895 1647
4895 -1
4900 1704
4900 1649
4900 -1
4905 1706
4905 1650
4905 -1
4910 1707
4910 1652
4910 -1
4915 1709
4915 1654
4915 -1
4920 1711
4920 1656
4920 -1
4925 1713
4925 1657
4925 -1
4930 1715
4930 1659
4930 -1
4935 1716
4935 1661
4935 -1
4940 1718
4940 1662
4940 -1
4945 1720
4945 1664
4945 -1
4950 1722
4950 1666
4950 -1
4955 1723
4955 1668
4955 -1
4960 1725
4960 1669
4960 -1
4965 1727
4965 1671
4965 -1
4970 1729
4970 1673
4970 -1
4975 1730
4975 1674
4975 -1
4980 1732
4980 1676
4980 -1
4985 1734
4985 1678
4985 -1
4990 1735
4990 1679
4990 -1
4995 1737
4995 1681
4995 -1
5000 1739
5000 1683
5000 -1
5005 1741
5005 1684
5005 -1
5010 1742
5010 1686
5010 -1
5015 1744
5015 1688
5015 -1
5020 1746
5020 1690
5020 -1
5025 1748
5025 1691
5025 -1
5030 1749
5030 1693
5030 -1
5035 1751
5035 1694
5035 -1
5040 1753
5040 1696
5040 -1
5045 1755
5045 1698
5045 27
5050 1756
5050 1700
5050 -1
5055 1758
5055 1701
5055 -1
5060 1760
5060 1703
5060 -1
5065 1761
5065 1704
5065 -1
5070 1763
5070 1706
5070 -1
5075 1765
5075 1708
5075 -1
5080 1767
5080 1710
5080 -1
5085 1769
5085 1711
5085 -1
5090 1770
5090 1713
5090 -1
5095 1772
5095 1714
5095 -1
5100 1774
5100 1716
5100 -1
5105 1775
5105 1718
5105 -1
5110 1777
5110 1719
5110 -1
5115 1779
5115 1721
5115 -1
5120 1781
5120 1722
5120 -1
5125 1782
5125 1724
5125 -1
5130 1784
5130 1726
5130 -1
5135 1786
5135 1727
5135 -1
5140 1788
5140 1729
5140 -1
5145 1789
5145 1731
5145 -1
5150 1791
5150 1732
5150 -1
5155 1793
5155 1734
5155 -1
5160 1794
5160 1736
5160 -1
5165 1796
5165 1737
5165 -1
5170 1798
5170 1739
5170 -1
5175 1799
5175 1740
5175 -1
5180 1801
5180 1742
5180 -1
5185 1803
5185 1744
5185 -1
5190 1805
5190 1745
5190 -1
5195 1807
5195 1747
5195 -1
5200 1808
5200 1749
5200 -1
5205 1810
5205 1750
5205 -1
5210 1812
5210 1752
5210 -1
5215 1813
5215 1754
5215 -1
5220 1815
5220 1755
5220 -1
5225 1817
5225 1757
5225 -1
5230 1819
5230 1759
5230 -1
5235 1820
5235 1760
5235 -1
5240 1822
5240 1762
5240 -1
5245 1824
5245 1764
5245 27
5250 1825
5250 1765
5250 -1
5255 1827
5255 1767
5255 -1
5260 1829
5260 1768
5260 -1
5265 1831
5265 1770
5265 -1
5270 1833
5270 1772
5270 -1
5275 1834
5275 1774
5275 -1
5280 1836
5280 1775
5280 -1
5285 1838
5285 1777
5285 -1
5290 1839
5290 1778
5290 -1
5295 1841
5295 1780
5295 -1
5300 1843
5300 1782
5300 -1
5305 1845
5305 1783
5305 -1
5310 1846
5310 1785
5310 -1
5315 1848
5315 1787
5315 -1
5320 1850
5320 1788
5320 -1
5325 1852
5325 1790
5325 -1
5330 1853
5330 1792
5330 -1
5335 1855
5335 1793
5335 -1
5340 1857
5340 1795
5340 -1
5345 1859
5345 1797
5345 -1
5350 1861
5350 1798
5350 -1
5355 1862
5355 1800
5355 -1
5360 1864
5360 1802
5360 -1
5365 1866
5365 1803
5365 -1
5370 1868
5370 1805
5370 -1
5375 1869
5375 1807
5375 -1
5380 1871
5380 1808
5380 -1
5385 1873
5385 1810
5385 -1
5390 1875
5390 1812
5390 -1
5395 1876
5395 1814
5395 -1
5400 1878
5400 1815
5400 -1
5405 1880
5405 1817
5405 -1
5410 1882
5410 1818
5410 -1
5415 1883
5415 1820
5415 -1
5420 1885
5420 1822
5420 -1
5425 1887
5425 1824
5425 -1
5430 1889
5430 1825
5430 -1
5435 1890
5435 1827
5435 -1
5440 1892
5440 1829
5440 -1
5445 1894
5445 1830
5445 27
5450 1895
5450 1832
5450 -1
5455 1897
5455 1834
5455 -1
5460 1899
5460 1836
5460 -1
5465 1901
5465 1837
5465 -1
5470 1903
5470 1839
5470 -1
5475 1904
5475 1841
5475 -1
5480 1906
5480 1842
5480 -1
5485 1908
5485 1844
5485 -1
5490 1910
5490 1846
5490 -1
5495 1911
5495 1848
5495 -1
5500 1913
5500 1849
5500 -1
5505 1915
5505 1851
5505 -1
5510 1917
5510 1853
5510 -1
5515 1918
5515 1854
5515 -1
5520 1920
5520 1856
5520 -1
5525 1922
5525 1858
5525 -1
5530 1924
5530 1860
5530 -1
5535 1925
5535 1861
5535 -1
5540 1927
5540 1863
5540 -1
5545 1929
5545 1865
5545 -1
5550 1931
5550 1866
5550 -1
5555 1933
5555 1868
5555 -1
5560 1934
5560 1870
5560 -1
5565 1936
5565 1872
5565 -1
5570 1938
5570 1873
5570 -1
5575 1939
5575 1875
5575 -1
5580 1941
5580 1877
5580 -1
5585 1943
5585 1879
5585 -1
5590 1945
5590 1880
5590 -1
5595 1947
5595 1882
5595 -1
5600 1949
5600 1884
5600 -1
5605 1950
5605 1886
5605 -1
5610 1952
5610 1887
5610 -1
5615 1954
5615 1889
5615 -1
5620 1956
5620 1891
5620 -1
5625 1957
5625 1892
5625 -1
5630 1959
5630 1894
5630 -1
5635 1961
5635 1896
5635 -1
5640 1963
5640 1898
5640 -1
5645 1965
5645 1900
5645 26
5650 1966
5650 1901
5650 -1
5655 1968
5655 1903
5655 -1
5660 1970
5660 1905
5660 -1
5665 1972
5665 1906
5665 -1
5670 1973
5670 1908
5670 -1
5675 1975
5675 1910
5675 -1
5680 1977
5680 1912
5680 -1
5685 1979
5685 1914
5685 -1
5690 1981
5690 1915
5690 -1
5695 1982
5695 1917
5695 -1
5700 1984
5700 1919
5700 -1
5705 1986
5705 1920
5705 -1
5710 1987
5710 1922
5710 -1
5715 1989
5715 1924
5715 -1
5720 1991
5720 1926
5720 -1
5725 1993
5725 1928
5725 -1
5730 1995
5730 1929
5730 -1
5735 1996
5735 1931
5735 -1
5740 1998
5740 1933
5740 -1
5745 2000
5745 1934
5745 -1
5750 2002
5750 1936
5750 -1
5755 2003
5755 1938
5755 -1
5760 2005
5760 1940
5760 -1
5765 2007
5765 1942
5765 -1
5770 2009
5770 1943
5770 -1
5775 2011
5775 1945
5775 -1
5780 2012
5780 1947
5780 -1
5785 2014
5785 1949
5785 -1
5790 2016
5790 1950
5790 -1
5795 2018
5795 1952
5795 -1
5800 2020
5800 1954
5800 -1
5805 2021
5805 1956
5805 -1
5810 2023
5810 1957
5810 -1
5815 2025
5815 1959
5815 -1
5820 2027
5820 1961
5820 -1
5825 2029
5825 1962
5825 -1
5830 2030
5830 1964
5830 -1
5835 2032
5835 1966
5835 -1
5840 2034
5840 1968
5840 -1
5845 2036
5845 1969
5845 26
5850 2037
5850 1971
5850 -1
5855 2039
5855 1973
5855 -1
5860 2041
5860 1974
5860 -1
5865 2043
5865 1976
5865 -1
5870 2045
5870 1978
5870 -1
5875 2047
5875 1979
5875 -1
5880 2048
5880 1981
5880 -1
5885 2050
5885 1983
5885 -1
5890 2052
5890 1984
5890 -1
5895 2054
5895 1986
5895 -1
5900 2055
5900 1988
5900 -1
5905 2057
5905 1990
5905 -1
5910 2059
5910 1991
5910 -1
5915 2061
5915 1993
5915 -1
5920 2063
5920 1995
5920 -1
5925 2064
5925 1996
5925 -1
5930 2066
5930 1998
5930 -1
5935 2068
5935 2000
5935 -1
5940 2070
5940 2002
5940 -1
5945 2071
5945 2003
5945 -1
5950 2073
5950 2005
5950 -1
5955 2075
5955 2007
5955 -1
5960 2077
5960 2008
5960 -1
5965 2079
5965 2010
5965 -1
5970 2080
5970 2012
5970 -1
5975 2082
5975 2013
5975 -1
5980 2084
5980 2015
5980 -1
5985 2085
5985 2017
5985 -1
5990 2087
5990 2018
5990 -1
5995 2089
5995 2020
5995 -1
