10 0
15 0
20 1
25 1
30 1
35 2
40 3
45 4
50 5
55 6
60 7
65 9
70 10
75 12
80 13
85 15
90 17
95 18
100 20
105 22
110 23
115 25
120 27
125 29
130 31
135 33
140 35
145 37
150 39
155 41
160 43
165 45
170 47
175 49
180 51
185 54
190 56
195 58
200 60
205 62
210 64
215 67
220 69
225 71
230 73
235 75
240 77
245 79
250 81
255 84
260 86
265 88
270 90
275 92
280 95
285 97
290 99
295 101
300 103
305 105
310 108
315 110
320 112
325 114
330 117
335 119
340 121
345 123
350 125
355 127
360 130
365 132
370 134
375 136
380 139
385 141
390 143
395 145
400 147
405 149
410 152
415 154
420 156
425 158
430 161
435 163
440 165
445 167
450 169
455 171
460 174
465 176
470 178
475 180
480 183
485 185
490 187
495 189
500 191
505 193
510 196
515 198
520 200
525 202
530 205
535 207
540 209
545 211
550 213
555 215
560 218
565 220
570 222
575 224
580 226
585 229
590 231
595 233
600 235
605 237
610 240
615 242
620 244
625 246
630 248
635 251
640 253
645 255
650 257
655 259
660 262
665 264
670 266
675 268
680 270
685 273
690 275
695 277
700 279
705 281
710 284
715 286
720 288
725 290
730 292
735 295
740 297
745 299
750 301
755 303
760 306
765 308
770 310
775 312
780 314
785 317
790 319
795 321
800 323
805 325
810 328
815 330
820 332
825 334
830 336
835 339
840 341
845 343
850 345
855 347
860 349
865 352
870 354
875 356
880 358
885 361
890 363
895 365
900 367
905 369
910 371
915 374
920 376
925 378
930 380
935 383
940 385
945 387
950 389
955 391
960 393
965 396
970 398
975 400
980 402
985 405
990 407
995 409
1000 411
1005 413
1010 415
1015 418
1020 420
1025 422
1030 424
1035 427
1040 429
1045 431
1050 433
1055 435
1060 437
1065 440
1070 442
1075 444
1080 446
1085 449
1090 451
1095 453
1100 455
1105 457
1110 459
1115 462
1120 464
1125 466
1130 468
1135 471
1140 473
1145 475
1150 477
1155 479
1160 482
1165 484
1170 486
1175 488
1180 490
1185 493
1190 495
1195 497
1200 499
1205 501
1210 504
1215 506
1220 508
1225 510
1230 512
1235 515
1240 517
1245 519
1250 521
1255 523
1260 526
1265 528
1270 530
1275 532
1280 534
1285 537
1290 539
1295 541
1300 543
1305 545
1310 548
1315 550
1320 552
1325 554
1330 556
1335 559
1340 561
1345 563
1350 565
1355 567
1360 570
1365 572
1370 574
1375 576
1380 578
1385 580
1390 583
1395 585
1400 587
1405 589
1410 592
1415 594
1420 596
1425 598
1430 600
1435 603
1440 605
1445 607
1450 609
1455 611
1460 613
1465 616
1470 618
1475 620
1480 622
1485 625
1490 627
1495 629
1500 631
1505 633
1510 635
1515 638
1520 640
1525 642
1530 644
1535 647
1540 649
1545 651
1550 653
1555 655
1560 657
1565 660
1570 662
1575 664
1580 666
1585 669
1590 671
1595 673
1600 675
1605 677
1610 679
1615 682
1620 684
1625 686
1630 688
1635 691
1640 693
1645 695
1650 697
1655 699
1660 701
1665 704
1670 706
1675 708
1680 710
1685 713
1690 715
1695 717
1700 719
1705 721
1710 723
1715 726
1720 728
1725 730
1730 732
1735 735
1740 737
1745 739
1750 741
1755 743
1760 745
1765 748
1770 750
1775 752
1780 754
1785 756
1790 759
1795 761
1800 763
1805 765
1810 767
1815 770
1820 772
1825 774
1830 776
1835 778
1840 781
1845 783
1850 785
1855 787
1860 790
1865 792
1870 794
1875 796
1880 798
1885 801
1890 803
1895 805
1900 807
1905 809
1910 811
1915 814
1920 816
1925 818
1930 820
1935 822
1940 825
1945 827
1950 829
1955 831
1960 833
1965 836
1970 838
1975 840
1980 842
1985 844
1990 847
1995 849
2000 851
2005 853
2010 855
2015 858
2020 860
2025 862
2030 864
2035 866
2040 869
2045 871
2050 873
2055 875
2060 877
2065 880
2070 882
2075 884
2080 886
2085 888
2090 891
2095 893
2100 895
2105 897
2110 899
2115 902
2120 904
2125 906
2130 908
2135 910
2140 913
2145 915
2150 917
2155 919
2160 921
2165 924
2170 926
2175 928
2180 930
2185 932
2190 935
2195 937
2200 939
2205 941
2210 943
2215 945
2220 948
2225 950
2230 952
2235 954
2240 957
2245 959
2250 961
2255 963
2260 965
2265 967
2270 970
2275 972
2280 974
2285 976
2290 979
2295 981
2300 983
2305 985
2310 987
2315 989
2320 992
2325 994
2330 996
2335 998
2340 1001
2345 1003
2350 1005
2355 1007
2360 1009
2365 1011
2370 1014
2375 1016
2380 1018
2385 1020
2390 1023
2395 1025
2400 1027
2405 1029
2410 1031
2415 1033
2420 1036
2425 1038
2430 1040
2435 1042
2440 1044
2445 1047
2450 1049
2455 1051
2460 1053
2465 1055
2470 1058
2475 1060
2480 1062
2485 1064
2490 1067
2495 1069
2500 1071
2505 1073
2510 1075
2515 1077
2520 1080
2525 1082
2530 1084
2535 1086
2540 1088
2545 1091
2550 1093
2555 1095
2560 1097
2565 1099
2570 1102
2575 1104
2580 1106
2585 1108
2590 1110
2595 1113
2600 1115
2605 1117
2610 1119
2615 1121
2620 1124
2625 1126
2630 1128
2635 1130
2640 1132
2645 1135
2650 1137
2655 1139
2660 1141
2665 1143
2670 1145
2675 1148
2680 1150
2685 1152
2690 1154
2695 1156
2700 1159
2705 1161
2710 1163
2715 1165
2720 1167
2725 1170
2730 1172
2735 1174
2740 1176
2745 1178
2750 1181
2755 1183
2760 1185
2765 1187
2770 1189
2775 1192
2780 1194
2785 1196
2790 1198
2795 1200
2800 1202
2805 1205
2810 1207
2815 1209
2820 1211
2825 1213
2830 1216
2835 1218
2840 1220
2845 1222
2850 1224
2855 1227
2860 1229
2865 1231
2870 1233
2875 1235
2880 1238
2885 1240
2890 1242
2895 1244
2900 1246
2905 1249
2910 1251
2915 1253
2920 1255
2925 1257
2930 1260
2935 1262
2940 1264
2945 1266
2950 1269
2955 1271
2960 1273
2965 1275
2970 1277
2975 1279
2980 1282
2985 1284
2990 1286
2995 1288
3000 1290
3005 1293
3010 1295
3015 1297
3020 1299
3025 1301
3030 1304
3035 1306
3040 1308
3045 1310
3050 1312
3055 1315
3060 1317
3065 1319
3070 1321
3075 1323
3080 1326
3085 1328
3090 1330
3095 1332
3100 1335
3105 1337
3110 1339
3115 1341
3120 1343
3125 1345
3130 1348
3135 1350
3140 1352
3145 1354
3150 1356
3155 1359
3160 1361
3165 1363
3170 1365
3175 1367
3180 1370
3185 1372
3190 1374
3195 1376
3200 1378
3205 1381
3210 1383
3215 1385
3220 1387
3225 1389
3230 1392
3235 1394
3240 1396
3245 1398
3250 1400
3255 1403
3260 1405
3265 1407
3270 1409
3275 1411
3280 1414
3285 1416
3290 1418
3295 1420
3300 1422
3305 1425
3310 1427
3315 1429
3320 1431
3325 1433
3330 1436
3335 1438
3340 1440
3345 1442
3350 1444
3355 1446
3360 1449
3365 1451
3370 1453
3375 1455
3380 1457
3385 1460
3390 1462
3395 1464
3400 1466
3405 1468
3410 1471
3415 1473
3420 1475
3425 1477
3430 1479
3435 1482
3440 1484
3445 1486
3450 1488
3455 1490
3460 1493
3465 1495
3470 1497
3475 1499
3480 1501
3485 1504
3490 1506
3495 1508
3500 1510
3505 1512
3510 1515
3515 1517
3520 1519
3525 1521
3530 1523
3535 1525
3540 1528
3545 1530
3550 1532
3555 1534
3560 1537
3565 1539
3570 1541
3575 1543
3580 1545
3585 1547
3590 1550
3595 1552
3600 1554
3605 1556
3610 1559
3615 1561
3620 1563
3625 1565
3630 1567
3635 1570
3640 1572
3645 1574
3650 1576
3655 1578
3660 1581
3665 1583
3670 1585
3675 1587
3680 1589
3685 1592
3690 1594
3695 1596
3700 1598
3705 1600
3710 1603
3715 1605
3720 1607
3725 1609
3730 1611
3735 1614
3740 1616
3745 1618
3750 1620
3755 1622
3760 1625
3765 1627
3770 1629
3775 1631
3780 1633
3785 1635
3790 1638
3795 1640
3800 1642
3805 1644
3810 1647
3815 1649
3820 1651
3825 1653
3830 1655
3835 1657
3840 1660
3845 1662
3850 1664
3855 1666
3860 1669
3865 1671
3870 1673
3875 1675
3880 1677
3885 1679
3890 1682
3895 1684
3900 1686
3905 1688
3910 1691
3915 1693
3920 1695
3925 1697
3930 1699
3935 1701
3940 1704
3945 1706
3950 1708
3955 1710
3960 1712
3965 1715
3970 1717
3975 1719
3980 1721
3985 1723
3990 1726
3995 1728
4000 1730
4005 1732
4010 1734
4015 1737
4020 1739
4025 1741
4030 1743
4035 1745
4040 1748
4045 1750
4050 1752
4055 1754
4060 1756
4065 1759
4070 1761
4075 1763
4080 1765
4085 1767
4090 1769
4095 1772
4100 1774
4105 1776
4110 1778
4115 1781
4120 1783
4125 1785
4130 1787
4135 1789
4140 1791
4145 1794
4150 1796
4155 1798
4160 1800
4165 1802
4170 1805
4175 1807
4180 1809
4185 1811
4190 1813
4195 1816
4200 1818
4205 1820
4210 1822
4215 1824
4220 1827
4225 1829
4230 1831
4235 1833
4240 1835
4245 1837
4250 1840
4255 1842
4260 1844
4265 1846
4270 1849
4275 1851
4280 1853
4285 1855
4290 1857
4295 1860
4300 1862
4305 1864
4310 1866
4315 1868
4320 1871
4325 1873
4330 1875
4335 1877
4340 1879
4345 1882
4350 1884
4355 1886
4360 1888
4365 1890
4370 1893
4375 1895
4380 1897
4385 1899
4390 1901
4395 1904
4400 1906
4405 1908
4410 1910
4415 1912
4420 1915
4425 1917
4430 1919
4435 1921
4440 1923
4445 1925
4450 1928
4455 1930
4460 1932
4465 1934
4470 1937
4475 1939
4480 1941
4485 1943
4490 1945
4495 1947
4500 1950
4505 1952
4510 1954
4515 1956
4520 1959
4525 1961
4530 1963
4535 1965
4540 1967
4545 1969
4550 1972
4555 1974
4560 1976
4565 1978
4570 1980
4575 1983
4580 1985
4585 1987
4590 1989
4595 1991
4600 1993
4605 1996
4610 1998
4615 2000
4620 2002
4625 2005
4630 2007
4635 2009
4640 2011
4645 2013
4650 2015
4655 2018
4660 2020
4665 2022
4670 2024
4675 2026
4680 2029
4685 2031
4690 2033
4695 2035
4700 2037
4705 2040
4710 2042
4715 2044
4720 2046
4725 2048
4730 2051
4735 2053
4740 2055
4745 2057
4750 2059
4755 2062
4760 2064
4765 2066
4770 2068
4775 2070
4780 2073
4785 2075
4790 2077
4795 2079
4800 2081
4805 2083
4810 2086
4815 2088
4820 2090
4825 2092
4830 2095
4835 2097
4840 2099
4845 2101
4850 2103
4855 2105
4860 2108
4865 2110
4870 2112
4875 2114
4880 2117
4885 2119
4890 2121
4895 2123
4900 2125
4905 2127
4910 2130
4915 2132
4920 2134
4925 2136
4930 2138
4935 2141
4940 2143
4945 2145
4950 2147
4955 2149
4960 2152
4965 2154
4970 2156
4975 2158
4980 2160
4985 2163
4990 2165
4995 2167
