10 0
15 0
20 0
25 0
30 0
35 1
40 1
45 2
50 2
55 3
60 3
65 4
70 5
75 6
80 6
85 7
90 8
95 9
100 10
105 11
110 12
115 13
120 13
125 14
130 15
135 16
140 17
145 18
150 19
155 20
160 21
165 22
170 23
175 24
180 25
185 26
190 27
195 28
200 29
205 30
210 31
215 32
220 33
225 34
230 35
235 37
240 38
245 39
250 40
255 41
260 42
265 43
270 44
275 45
280 46
285 47
290 48
295 49
300 50
305 51
310 52
315 53
320 54
325 55
330 56
335 57
340 58
345 59
350 61
355 62
360 63
365 64
370 65
375 66
380 67
385 68
390 69
395 70
400 71
405 72
410 73
415 74
420 75
425 76
430 77
435 78
440 79
445 80
450 81
455 82
460 83
465 85
470 86
475 87
480 88
485 89
490 90
495 91
500 92
505 93
510 94
515 95
520 96
525 97
530 98
535 99
540 100
545 101
550 102
555 104
560 105
565 106
570 107
575 108
580 109
585 110
590 111
595 112
600 113
605 114
610 115
615 116
620 117
625 118
630 119
635 120
640 121
645 123
650 124
655 125
660 126
665 127
670 128
675 129
680 130
685 131
690 132
695 133
700 134
705 135
710 136
715 137
720 139
725 140
730 141
735 142
740 143
745 144
750 145
755 146
760 147
765 148
770 149
775 150
780 151
785 152
790 153
795 154
800 155
805 156
810 157
815 159
820 160
825 161
830 162
835 163
840 164
845 165
850 166
855 167
860 168
865 169
870 170
875 171
880 172
885 173
890 174
895 175
900 177
905 178
910 179
915 180
920 181
925 182
930 183
935 184
940 185
945 186
950 187
955 188
960 189
965 190
970 191
975 192
980 193
985 194
990 195
995 196
1000 197
1005 199
1010 200
1015 201
1020 202
1025 203
1030 204
1035 205
1040 206
1045 207
1050 208
1055 209
1060 210
1065 211
1070 212
1075 213
1080 214
1085 215
1090 216
1095 217
1100 219
1105 220
1110 221
1115 222
1120 223
1125 224
1130 225
1135 226
1140 227
1145 228
1150 229
1155 230
1160 231
1165 232
1170 233
1175 234
1180 235
1185 237
1190 238
1195 239
1200 240
1205 241
1210 242
1215 243
1220 244
1225 245
1230 246
1235 247
1240 248
1245 249
1250 250
1255 251
1260 252
1265 253
1270 254
1275 255
1280 257
1285 258
1290 259
1295 260
1300 261
1305 262
1310 263
1315 264
1320 265
1325 266
1330 267
1335 268
1340 269
1345 270
1350 271
1355 272
1360 273
1365 274
1370 275
1375 276
1380 277
1385 279
1390 280
1395 281
1400 282
1405 283
1410 284
1415 285
1420 286
1425 287
1430 288
1435 289
1440 290
1445 291
1450 292
1455 293
1460 294
1465 295
1470 296
1475 297
1480 298
1485 299
1490 301
1495 302
1500 303
1505 304
1510 305
1515 306
1520 307
1525 308
1530 309
1535 310
1540 311
1545 312
1550 313
1555 314
1560 315
1565 316
1570 317
1575 318
1580 319
1585 320
1590 321
1595 323
1600 324
1605 325
1610 326
1615 327
1620 328
1625 329
1630 330
1635 331
1640 332
1645 333
1650 334
1655 335
1660 336
1665 337
1670 338
1675 339
1680 340
1685 341
1690 342
1695 343
1700 344
1705 345
1710 347
1715 348
1720 349
1725 350
1730 351
1735 352
1740 353
1745 354
1750 355
1755 356
1760 357
1765 358
1770 359
1775 360
1780 361
1785 362
1790 363
1795 364
1800 365
1805 367
1810 368
1815 369
1820 370
1825 371
1830 372
1835 373
1840 374
1845 375
1850 376
1855 377
1860 378
1865 379
1870 380
1875 381
1880 382
1885 383
1890 384
1895 385
1900 386
1905 387
1910 389
1915 390
1920 391
1925 392
1930 393
1935 394
1940 395
1945 396
1950 397
1955 398
1960 399
1965 400
1970 401
1975 402
1980 403
1985 404
1990 405
1995 406
2000 407
2005 408
2010 409
2015 411
2020 412
2025 413
2030 414
2035 415
2040 416
2045 417
2050 418
2055 419
2060 420
2065 421
2070 422
2075 423
2080 424
2085 425
2090 426
2095 427
2100 428
2105 429
2110 430
2115 431
2120 432
2125 433
2130 435
2135 436
2140 437
2145 438
2150 439
2155 440
2160 441
2165 442
2170 443
2175 444
2180 445
2185 446
2190 447
2195 448
2200 449
2205 450
2210 451
2215 452
2220 453
2225 454
2230 455
2235 456
2240 457
2245 459
2250 460
2255 461
2260 462
2265 463
2270 464
2275 465
2280 466
2285 467
2290 468
2295 469
2300 470
2305 471
2310 472
2315 473
2320 474
2325 475
2330 476
2335 477
2340 479
2345 480
2350 481
2355 482
2360 483
2365 484
2370 485
2375 486
2380 487
2385 488
2390 489
2395 490
2400 491
2405 492
2410 493
2415 495
2420 496
2425 497
2430 498
2435 499
2440 500
2445 501
2450 502
2455 503
2460 504
2465 505
2470 506
2475 507
2480 508
2485 509
2490 510
2495 511
2500 512
2505 513
2510 514
2515 515
2520 517
2525 518
2530 519
2535 520
2540 521
2545 522
2550 523
2555 524
2560 525
2565 526
2570 527
2575 528
2580 529
2585 530
2590 531
2595 532
2600 533
2605 535
2610 536
2615 537
2620 538
2625 539
2630 540
2635 541
2640 542
2645 543
2650 544
2655 545
2660 546
2665 547
2670 548
2675 549
2680 550
2685 551
2690 552
2695 553
2700 554
2705 555
2710 557
2715 558
2720 559
2725 560
2730 561
2735 562
2740 563
2745 564
2750 565
2755 566
2760 567
2765 568
2770 569
2775 570
2780 571
2785 572
2790 573
2795 574
2800 576
2805 577
2810 578
2815 579
2820 580
2825 581
2830 582
2835 583
2840 584
2845 585
2850 586
2855 587
2860 588
2865 589
2870 590
2875 591
2880 592
2885 594
2890 595
2895 596
2900 597
2905 598
2910 599
2915 600
2920 601
2925 602
2930 603
2935 604
2940 605
2945 606
2950 607
2955 608
2960 609
2965 610
2970 611
2975 612
2980 613
2985 615
2990 616
2995 617
3000 618
3005 619
3010 620
3015 621
3020 622
3025 623
3030 624
3035 625
3040 626
3045 627
3050 628
3055 629
3060 630
3065 631
3070 632
3075 633
3080 634
3085 635
3090 637
3095 638
3100 639
3105 640
3110 641
3115 642
3120 643
3125 644
3130 645
3135 646
3140 647
3145 648
3150 649
3155 650
3160 651
3165 652
3170 653
3175 654
3180 655
3185 656
3190 657
3195 659
3200 660
3205 661
3210 662
3215 663
3220 664
3225 665
3230 666
3235 667
3240 668
3245 669
3250 670
3255 671
3260 672
3265 673
3270 674
3275 675
3280 676
3285 677
3290 678
3295 679
3300 681
3305 682
3310 683
3315 684
3320 685
3325 686
3330 687
3335 688
3340 689
3345 690
3350 691
3355 692
3360 693
3365 694
3370 695
3375 696
3380 697
3385 698
3390 699
3395 700
3400 701
3405 702
3410 703
3415 705
3420 706
3425 707
3430 708
3435 709
3440 710
3445 711
3450 712
3455 713
3460 714
3465 715
3470 716
3475 717
3480 718
3485 719
3490 720
3495 721
3500 722
3505 723
3510 724
3515 726
3520 727
3525 728
3530 729
3535 730
3540 731
3545 732
3550 733
3555 734
3560 735
3565 736
3570 737
3575 738
3580 739
3585 740
3590 741
3595 742
3600 743
3605 744
3610 745
3615 746
3620 747
3625 749
3630 750
3635 751
3640 752
3645 753
3650 754
3655 755
3660 756
3665 757
3670 758
3675 759
3680 760
3685 761
3690 762
3695 763
3700 764
3705 765
3710 766
3715 767
3720 768
3725 769
3730 770
3735 771
3740 773
3745 774
3750 775
3755 776
3760 777
3765 778
3770 779
3775 780
3780 781
3785 782
3790 783
3795 784
3800 785
3805 786
3810 787
3815 788
3820 789
3825 790
3830 791
3835 792
3840 793
3845 795
3850 796
3855 797
3860 798
3865 799
3870 800
3875 801
3880 802
3885 803
3890 804
3895 805
3900 806
3905 807
3910 808
3915 809
3920 810
3925 811
3930 812
3935 813
3940 814
3945 815
3950 817
3955 818
3960 819
3965 820
3970 821
3975 822
3980 823
3985 824
3990 825
3995 826
4000 827
4005 828
4010 829
4015 830
4020 831
4025 832
4030 833
4035 834
4040 835
4045 836
4050 837
4055 838
4060 839
4065 841
4070 842
4075 843
4080 844
4085 845
4090 846
4095 847
4100 848
4105 849
4110 850
4115 851
4120 852
4125 853
4130 854
4135 855
4140 857
4145 858
4150 859
4155 860
4160 861
4165 862
4170 863
4175 864
4180 865
4185 866
4190 867
4195 868
4200 869
4205 870
4210 871
4215 872
4220 873
4225 874
4230 875
4235 876
4240 877
4245 878
4250 880
4255 881
4260 882
4265 883
4270 884
4275 885
4280 886
4285 887
4290 888
4295 889
4300 890
4305 891
4310 892
4315 893
4320 894
4325 895
4330 896
4335 897
4340 898
4345 899
4350 901
4355 902
4360 903
4365 904
4370 905
4375 906
4380 907
4385 908
4390 909
4395 910
4400 911
4405 912
4410 913
4415 914
4420 915
4425 916
4430 917
4435 918
4440 919
4445 921
4450 922
4455 923
4460 924
4465 925
4470 926
4475 927
4480 928
4485 929
4490 930
4495 931
4500 932
4505 933
4510 934
4515 935
4520 936
4525 937
4530 938
4535 939
4540 940
4545 941
4550 943
4555 944
4560 945
4565 946
4570 947
4575 948
4580 949
4585 950
4590 951
4595 952
4600 953
4605 954
4610 955
4615 956
4620 957
4625 958
4630 959
4635 960
4640 961
4645 963
4650 964
4655 965
4660 966
4665 967
4670 968
4675 969
4680 970
4685 971
4690 972
4695 973
4700 974
4705 975
4710 976
4715 977
4720 978
4725 979
4730 980
4735 981
4740 982
4745 983
4750 984
4755 985
4760 987
4765 988
4770 989
4775 990
4780 991
4785 992
4790 993
4795 994
4800 995
4805 996
4810 997
4815 998
4820 999
4825 1000
4830 1001
4835 1002
4840 1003
4845 1004
4850 1005
4855 1006
4860 1007
4865 1008
4870 1009
4875 1010
4880 1011
4885 1013
4890 1014
4895 1015
4900 1016
4905 1017
4910 1018
4915 1019
4920 1020
4925 1021
4930 1022
4935 1023
4940 1024
4945 1025
4950 1026
4955 1027
4960 1028
4965 1029
4970 1031
4975 1031
4980 1033
4985 1034
4990 1035
4995 1036
