10 0
15 0
20 1
25 1
30 2
35 3
40 4
45 5
50 7
55 8
60 10
65 12
70 14
75 16
80 19
85 21
90 23
95 26
100 29
105 31
110 34
115 36
120 39
125 42
130 45
135 48
140 51
145 54
150 57
155 60
160 63
165 66
170 69
175 72
180 75
185 78
190 81
195 84
200 87
205 91
210 94
215 97
220 100
225 103
230 107
235 110
240 113
245 116
250 120
255 123
260 126
265 129
270 132
275 136
280 139
285 142
290 145
295 149
300 152
305 155
310 158
315 162
320 165
325 168
330 172
335 175
340 178
345 181
350 184
355 188
360 191
365 194
370 198
375 201
380 204
385 207
390 211
395 214
400 217
405 221
410 224
415 227
420 230
425 234
430 237
435 240
440 244
445 247
450 250
455 253
460 257
465 260
470 263
475 267
480 270
485 273
490 277
495 280
500 283
505 286
510 290
515 293
520 296
525 300
530 303
535 306
540 310
545 313
550 316
555 319
560 323
565 326
570 329
575 333
580 336
585 339
590 342
595 346
600 349
605 352
610 356
615 359
620 362
625 366
630 369
635 372
640 375
645 379
650 382
655 385
660 389
665 392
670 395
675 398
680 402
685 405
690 408
695 412
700 415
705 418
710 421
715 425
720 428
725 431
730 435
735 438
740 441
745 444
750 448
755 451
760 454
765 458
770 461
775 464
780 468
785 471
790 474
795 477
800 481
805 484
810 487
815 490
820 494
825 497
830 500
835 504
840 507
845 510
850 514
855 517
860 520
865 524
870 527
875 530
880 533
885 537
890 540
895 543
900 546
905 550
910 553
915 556
920 560
925 563
930 566
935 570
940 573
945 576
950 580
955 583
960 586
965 589
970 593
975 596
980 599
985 602
990 606
995 609
1000 612
1005 616
1010 619
1015 622
1020 626
1025 629
1030 632
1035 635
1040 639
1045 642
1050 645
1055 649
1060 652
1065 655
1070 658
1075 662
1080 665
1085 668
1090 672
1095 675
1100 678
1105 682
1110 685
1115 688
1120 692
1125 695
1130 698
1135 701
1140 705
1145 708
1150 711
1155 715
1160 718
1165 721
1170 724
1175 728
1180 731
1185 734
1190 738
1195 741
1200 744
1205 748
1210 751
1215 754
1220 757
1225 761
1230 764
1235 767
1240 771
1245 774
1250 777
1255 780
1260 784
1265 787
1270 790
1275 794
1280 797
1285 800
1290 804
1295 807
1300 810
1305 813
1310 817
1315 820
1320 823
1325 827
1330 830
1335 833
1340 836
1345 840
1350 843
1355 846
1360 850
1365 853
1370 856
1375 859
1380 863
1385 866
1390 869
1395 873
1400 876
1405 879
1410 883
1415 886
1420 889
1425 892
1430 896
1435 899
1440 902
1445 906
1450 909
1455 912
1460 915
1465 919
1470 922
1475 925
1480 929
1485 932
1490 935
1495 939
1500 942
1505 945
1510 948
1515 952
1520 955
1525 958
1530 962
1535 965
1540 968
1545 971
1550 975
1555 978
1560 981
1565 985
1570 988
1575 991
1580 994
1585 998
1590 1001
1595 1004
1600 1008
1605 1011
1610 1014
1615 1017
1620 1021
1625 1024
1630 1027
1635 1031
1640 1034
1645 1037
1650 1040
1655 1044
1660 1047
1665 1050
1670 1054
1675 1057
1680 1060
1685 1064
1690 1067
1695 1070
1700 1073
1705 1077
1710 1080
1715 1083
1720 1087
1725 1090
1730 1093
1735 1096
1740 1100
1745 1103
1750 1106
1755 1110
1760 1113
1765 1116
1770 1120
1775 1123
1780 1126
1785 1129
1790 1133
1795 1136
1800 1139
1805 1143
1810 1146
1815 1149
1820 1153
1825 1156
1830 1159
1835 1162
1840 1166
1845 1169
1850 1172
1855 1176
1860 1179
1865 1182
1870 1185
1875 1189
1880 1192
1885 1195
1890 1199
1895 1202
1900 1205
1905 1208
1910 1212
1915 1215
1920 1218
1925 1222
1930 1225
1935 1228
1940 1232
1945 1235
1950 1238
1955 1242
1960 1245
1965 1248
1970 1251
1975 1255
1980 1258
1985 1261
1990 1265
1995 1268
2000 1271
2005 1274
2010 1278
2015 1281
2020 1284
2025 1288
2030 1291
2035 1294
2040 1298
2045 1301
2050 1304
2055 1307
2060 1311
2065 1314
2070 1317
2075 1321
2080 1324
2085 1327
2090 1330
2095 1334
2100 1337
2105 1340
2110 1344
2115 1347
2120 1350
2125 1353
2130 1357
2135 1360
2140 1363
2145 1367
2150 1370
2155 1373
2160 1376
2165 1380
2170 1383
2175 1386
2180 1390
2185 1393
2190 1396
2195 1399
2200 1403
2205 1406
2210 1409
2215 1413
2220 1416
2225 1419
2230 1423
2235 1426
2240 1429
2245 1432
2250 1436
2255 1439
2260 1442
2265 1446
2270 1449
2275 1452
2280 1455
2285 1459
2290 1462
2295 1465
2300 1469
2305 1472
2310 1475
2315 1478
2320 1482
2325 1485
2330 1488
2335 1492
2340 1495
2345 1498
2350 1501
2355 1505
2360 1508
2365 1511
2370 1515
2375 1518
2380 1521
2385 1525
2390 1528
2395 1531
2400 1534
2405 1538
2410 1541
2415 1544
2420 1548
2425 1551
2430 1554
2435 1558
2440 1561
2445 1564
2450 1567
2455 1571
2460 1574
2465 1577
2470 1581
2475 1584
2480 1587
2485 1590
2490 1594
2495 1597
2500 1600
2505 1604
2510 1607
2515 1610
2520 1614
2525 1617
2530 1620
2535 1623
2540 1627
2545 1630
2550 1633
2555 1637
2560 1640
2565 1643
2570 1646
2575 1650
2580 1653
2585 1656
2590 1660
2595 1663
2600 1666
2605 1670
2610 1673
2615 1676
2620 1680
2625 1683
2630 1686
2635 1689
2640 1693
2645 1696
2650 1699
2655 1702
2660 1706
2665 1709
2670 1712
2675 1716
2680 1719
2685 1722
2690 1726
2695 1729
2700 1732
2705 1735
2710 1739
2715 1742
2720 1745
2725 1749
2730 1752
2735 1755
2740 1758
2745 1762
2750 1765
2755 1768
2760 1772
2765 1775
2770 1778
2775 1781
2780 1785
2785 1788
2790 1791
2795 1795
2800 1798
2805 1801
2810 1804
2815 1808
2820 1811
2825 1814
2830 1818
2835 1821
2840 1824
2845 1828
2850 1831
2855 1834
2860 1837
2865 1841
2870 1844
2875 1847
2880 1850
2885 1854
2890 1857
2895 1860
2900 1864
2905 1867
2910 1870
2915 1874
2920 1877
2925 1880
2930 1883
2935 1887
2940 1890
2945 1893
2950 1897
2955 1900
2960 1903
2965 1906
2970 1910
2975 1913
2980 1916
2985 1920
2990 1923
2995 1926
3000 1929
3005 1933
3010 1936
3015 1939
3020 1943
3025 1946
3030 1949
3035 1953
3040 1956
3045 1959
3050 1962
3055 1966
3060 1969
3065 1972
3070 1976
3075 1979
3080 1982
3085 1986
3090 1989
3095 1992
3100 1995
3105 1999
3110 2002
3115 2005
3120 2009
3125 2012
3130 2015
3135 2018
3140 2022
3145 2025
3150 2028
3155 2032
3160 2035
3165 2038
3170 2042
3175 2045
3180 2048
3185 2051
3190 2055
3195 2058
3200 2061
3205 2065
3210 2068
3215 2071
3220 2074
3225 2078
3230 2081
3235 2084
3240 2088
3245 2091
3250 2094
3255 2098
3260 2101
3265 2104
3270 2107
3275 2111
3280 2114
3285 2117
3290 2120
3295 2124
3300 2127
3305 2130
3310 2134
3315 2137
3320 2140
3325 2143
3330 2147
3335 2150
3340 2153
3345 2157
3350 2160
3355 2163
3360 2167
3365 2170
3370 2173
3375 2176
3380 2180
3385 2183
3390 2186
3395 2190
3400 2193
3405 2196
3410 2199
3415 2203
3420 2206
3425 2209
3430 2213
3435 2216
3440 2219
3445 2222
3450 2226
3455 2229
3460 2232
3465 2236
3470 2239
3475 2242
3480 2245
3485 2249
3490 2252
3495 2255
3500 2259
3505 2262
3510 2265
3515 2268
3520 2272
3525 2275
3530 2278
3535 2282
3540 2285
3545 2288
3550 2291
3555 2295
3560 2298
3565 2301
3570 2305
3575 2308
3580 2311
3585 2314
3590 2318
3595 2321
3600 2324
3605 2328
3610 2331
3615 2334
3620 2338
3625 2341
3630 2344
3635 2347
3640 2351
3645 2354
3650 2357
3655 2360
3660 2364
3665 2367
3670 2370
3675 2374
3680 2377
3685 2380
3690 2384
3695 2387
3700 2390
3705 2394
3710 2397
3715 2400
3720 2403
3725 2407
3730 2410
3735 2413
3740 2417
3745 2420
3750 2423
3755 2427
3760 2430
3765 2433
3770 2436
3775 2440
3780 2443
3785 2446
3790 2450
3795 2453
3800 2456
3805 2459
3810 2463
3815 2466
3820 2469
3825 2473
3830 2476
3835 2479
3840 2482
3845 2486
3850 2489
3855 2492
3860 2496
3865 2499
3870 2502
3875 2506
3880 2509
3885 2512
3890 2515
3895 2519
3900 2522
3905 2525
3910 2528
3915 2532
3920 2535
3925 2538
3930 2542
3935 2545
3940 2548
3945 2552
3950 2555
3955 2558
3960 2561
3965 2565
3970 2568
3975 2571
3980 2575
3985 2578
3990 2581
3995 2584
4000 2588
4005 2591
4010 2594
4015 2598
4020 2601
4025 2604
4030 2607
4035 2611
4040 2614
4045 2617
4050 2621
4055 2624
4060 2627
4065 2630
4070 2634
4075 2637
4080 2640
4085 2644
4090 2647
4095 2650
4100 2653
4105 2657
4110 2660
4115 2663
4120 2667
4125 2670
4130 2673
4135 2676
4140 2680
4145 2683
4150 2686
4155 2690
4160 2693
4165 2696
4170 2699
4175 2703
4180 2706
4185 2709
4190 2713
4195 2716
4200 2719
4205 2722
4210 2726
4215 2729
4220 2732
4225 2736
4230 2739
4235 2742
4240 2745
4245 2749
4250 2752
4255 2755
4260 2759
4265 2762
4270 2765
4275 2768
4280 2772
4285 2775
4290 2778
4295 2782
4300 2785
4305 2788
4310 2792
4315 2795
4320 2798
4325 2801
4330 2805
4335 2808
4340 2811
4345 2815
4350 2818
4355 2821
4360 2824
4365 2828
4370 2831
4375 2834
4380 2838
4385 2841
4390 2844
4395 2847
4400 2851
4405 2854
4410 2858
4415 2861
4420 2864
4425 2867
4430 2871
4435 2874
4440 2877
4445 2881
4450 2884
4455 2887
4460 2890
4465 2894
4470 2897
4475 2900
4480 2904
4485 2907
4490 2910
4495 2913
4500 2917
4505 2920
4510 2923
4515 2926
4520 2930
4525 2933
4530 2936
4535 2940
4540 2943
4545 2946
4550 2950
4555 2953
4560 2956
4565 2959
4570 2963
4575 2966
4580 2969
4585 2973
4590 2976
4595 2979
4600 2982
4605 2986
4610 2989
4615 2992
4620 2996
4625 2999
4630 3002
4635 3005
4640 3009
4645 3012
4650 3015
4655 3019
4660 3022
4665 3025
4670 3028
4675 3032
4680 3035
4685 3038
4690 3042
4695 3045
4700 3048
4705 3052
4710 3055
4715 3058
4720 3061
4725 3064
4730 3068
4735 3071
4740 3074
4745 3078
4750 3081
4755 3084
4760 3088
4765 3091
4770 3094
4775 3098
4780 3101
4785 3104
4790 3107
4795 3110
4800 3114
4805 3117
4810 3120
4815 3124
4820 3127
4825 3130
4830 3134
4835 3137
4840 3140
4845 3144
4850 3147
4855 3150
4860 3153
4865 3157
4870 3160
4875 3163
4880 3166
4885 3170
4890 3173
4895 3176
4900 3180
4905 3183
4910 3186
4915 3190
4920 3193
4925 3196
4930 3199
4935 3203
4940 3206
4945 3209
4950 3213
4955 3216
4960 3219
4965 3222
4970 3226
4975 3229
4980 3232
4985 3236
4990 3239
4995 3242
