10 0
15 0
20 0
25 1
30 1
35 2
40 3
45 4
50 5
55 6
60 7
65 8
70 10
75 11
80 13
85 14
90 16
95 18
100 19
105 21
110 23
115 25
120 27
125 29
130 30
135 32
140 34
145 36
150 39
155 41
160 43
165 45
170 47
175 49
180 51
185 53
190 55
195 57
200 59
205 61
210 63
215 66
220 68
225 70
230 72
235 74
240 76
245 78
250 81
255 83
260 85
265 87
270 89
275 91
280 94
285 96
290 98
295 100
300 102
305 104
310 107
315 109
320 111
325 113
330 115
335 118
340 120
345 122
350 124
355 126
360 128
365 131
370 133
375 135
380 137
385 140
390 142
395 144
400 146
405 148
410 150
415 153
420 155
425 157
430 159
435 161
440 164
445 166
450 168
455 170
460 172
465 174
470 177
475 179
480 181
485 183
490 185
495 188
500 190
505 192
510 194
515 196
520 199
525 201
530 203
535 205
540 207
545 209
550 212
555 214
560 216
565 218
570 220
575 223
580 225
585 227
590 229
595 231
600 233
605 236
610 238
615 240
620 242
625 245
630 247
635 249
640 251
645 253
650 255
655 258
660 260
665 262
670 264
675 266
680 269
685 271
690 273
695 275
700 277
705 279
710 282
715 284
720 286
725 288
730 290
735 292
740 295
745 297
750 299
755 301
760 303
765 306
770 308
775 310
780 312
785 314
790 317
795 319
800 321
805 323
810 325
815 328
820 330
825 332
830 334
835 336
840 338
845 341
850 343
855 345
860 347
865 349
870 352
875 354
880 356
885 358
890 360
895 362
900 365
905 367
910 369
915 371
920 373
925 376
930 378
935 380
940 382
945 384
950 386
955 389
960 391
965 393
970 395
975 397
980 400
985 402
990 404
995 406
1000 408
1005 411
1010 413
1015 415
1020 417
1025 419
1030 421
1035 423
1040 426
1045 428
1050 430
1055 432
1060 434
1065 437
1070 439
1075 441
1080 443
1085 445
1090 447
1095 450
1100 452
1105 454
1110 456
1115 459
1120 461
1125 463
1130 465
1135 467
1140 469
1145 471
1150 474
1155 476
1160 478
1165 480
1170 482
1175 485
1180 487
1185 489
1190 491
1195 493
1200 496
1205 498
1210 500
1215 502
1220 504
1225 507
1230 509
1235 511
1240 513
1245 515
1250 517
1255 520
1260 522
1265 524
1270 526
1275 528
1280 531
1285 533
1290 535
1295 537
1300 539
1305 542
1310 544
1315 546
1320 548
1325 550
1330 552
1335 555
1340 557
1345 559
1350 561
1355 563
1360 565
1365 568
1370 570
1375 572
1380 574
1385 576
1390 579
1395 581
1400 583
1405 585
1410 587
1415 589
1420 592
1425 594
1430 596
1435 598
1440 600
1445 603
1450 605
1455 607
1460 609
1465 611
1470 613
1475 616
1480 618
1485 620
1490 622
1495 624
1500 627
1505 629
1510 631
1515 633
1520 635
1525 637
1530 640
1535 642
1540 644
1545 646
1550 648
1555 651
1560 653
1565 655
1570 657
1575 659
1580 661
1585 664
1590 666
1595 668
1600 670
1605 672
1610 675
1615 677
1620 679
1625 681
1630 683
1635 685
1640 688
1645 690
1650 692
1655 694
1660 696
1665 698
1670 701
1675 703
1680 705
1685 707
1690 709
1695 712
1700 714
1705 716
1710 718
1715 720
1720 722
1725 725
1730 727
1735 729
1740 731
1745 733
1750 736
1755 738
1760 740
1765 742
1770 744
1775 746
1780 749
1785 751
1790 753
1795 755
1800 757
1805 760
1810 762
1815 764
1820 766
1825 768
1830 771
1835 773
1840 775
1845 777
1850 779
1855 781
1860 784
1865 786
1870 788
1875 790
1880 793
1885 795
1890 797
1895 799
1900 801
1905 803
1910 805
1915 808
1920 810
1925 812
1930 814
1935 817
1940 819
1945 821
1950 823
1955 825
1960 827
1965 829
1970 832
1975 834
1980 836
1985 838
1990 840
1995 843
2000 845
2005 847
2010 849
2015 851
2020 853
2025 856
2030 858
2035 860
2040 862
2045 865
2050 867
2055 869
2060 871
2065 873
2070 875
2075 877
2080 880
2085 882
2090 884
2095 886
2100 888
2105 891
2110 893
2115 895
2120 897
2125 899
2130 901
2135 904
2140 906
2145 908
2150 910
2155 913
2160 915
2165 917
2170 919
2175 921
2180 923
2185 925
2190 928
2195 930
2200 932
2205 934
2210 936
2215 939
2220 941
2225 943
2230 945
2235 947
2240 949
2245 952
2250 954
2255 956
2260 958
2265 960
2270 963
2275 965
2280 967
2285 969
2290 971
2295 974
2300 976
2305 978
2310 980
2315 982
2320 984
2325 987
2330 989
2335 991
2340 993
2345 995
2350 998
2355 1000
2360 1002
2365 1004
2370 1006
2375 1009
2380 1011
2385 1013
2390 1015
2395 1017
2400 1019
2405 1021
2410 1024
2415 1026
2420 1028
2425 1030
2430 1033
2435 1035
2440 1037
2445 1039
2450 1041
2455 1043
2460 1046
2465 1048
2470 1050
2475 1052
2480 1054
2485 1057
2490 1059
2495 1061
2500 1063
2505 1065
2510 1067
2515 1070
2520 1072
2525 1074
2530 1076
2535 1079
2540 1081
2545 1083
2550 1085
2555 1087
2560 1089
2565 1092
2570 1094
2575 1096
2580 1098
2585 1100
2590 1103
2595 1105
2600 1107
2605 1109
2610 1111
2615 1113
2620 1116
2625 1118
2630 1120
2635 1122
2640 1124
2645 1127
2650 1129
2655 1131
2660 1133
2665 1135
2670 1137
2675 1140
2680 1142
2685 1144
2690 1146
2695 1148
2700 1151
2705 1153
2710 1155
2715 1157
2720 1159
2725 1161
2730 1164
2735 1166
2740 1168
2745 1170
2750 1172
2755 1175
2760 1177
2765 1179
2770 1181
2775 1183
2780 1185
2785 1187
2790 1190
2795 1192
2800 1194
2805 1196
2810 1199
2815 1201
2820 1203
2825 1205
2830 1207
2835 1209
2840 1212
2845 1214
2850 1216
2855 1218
2860 1221
2865 1223
2870 1225
2875 1227
2880 1229
2885 1231
2890 1233
2895 1236
2900 1238
2905 1240
2910 1242
2915 1244
2920 1247
2925 1249
2930 1251
2935 1253
2940 1255
2945 1258
2950 1260
2955 1262
2960 1264
2965 1266
2970 1268
2975 1271
2980 1273
2985 1275
2990 1277
2995 1279
3000 1282
3005 1284
3010 1286
3015 1288
3020 1290
3025 1293
3030 1295
3035 1297
3040 1299
3045 1301
3050 1303
3055 1306
3060 1308
3065 1310
3070 1312
3075 1314
3080 1317
3085 1319
3090 1321
3095 1323
3100 1325
3105 1327
3110 1330
3115 1332
3120 1334
3125 1336
3130 1339
3135 1341
3140 1343
3145 1345
3150 1347
3155 1349
3160 1351
3165 1354
3170 1356
3175 1358
3180 1360
3185 1363
3190 1365
3195 1367
3200 1369
3205 1371
3210 1373
3215 1376
3220 1378
3225 1380
3230 1382
3235 1384
3240 1387
3245 1389
3250 1391
3255 1393
3260 1395
3265 1397
3270 1400
3275 1402
3280 1404
3285 1406
3290 1408
3295 1411
3300 1413
3305 1415
3310 1417
3315 1419
3320 1421
3325 1424
3330 1426
3335 1428
3340 1430
3345 1432
3350 1435
3355 1437
3360 1439
3365 1441
3370 1443
3375 1445
3380 1448
3385 1450
3390 1452
3395 1454
3400 1456
3405 1459
3410 1461
3415 1463
3420 1465
3425 1467
3430 1469
3435 1471
3440 1474
3445 1476
3450 1478
3455 1480
3460 1483
3465 1485
3470 1487
3475 1489
3480 1491
3485 1493
3490 1495
3495 1498
3500 1500
3505 1502
3510 1504
3515 1507
3520 1509
3525 1511
3530 1513
3535 1515
3540 1517
3545 1520
3550 1522
3555 1524
3560 1526
3565 1528
3570 1531
3575 1533
3580 1535
3585 1537
3590 1539
3595 1541
3600 1544
3605 1546
3610 1548
3615 1550
3620 1552
3625 1555
3630 1557
3635 1559
3640 1561
3645 1563
3650 1565
3655 1568
3660 1570
3665 1572
3670 1574
3675 1576
3680 1579
3685 1581
3690 1583
3695 1585
3700 1587
3705 1589
3710 1592
3715 1594
3720 1596
3725 1598
3730 1601
3735 1603
3740 1605
3745 1607
3750 1609
3755 1611
3760 1614
3765 1616
3770 1618
3775 1620
3780 1622
3785 1625
3790 1627
3795 1629
3800 1631
3805 1633
3810 1635
3815 1638
3820 1640
3825 1642
3830 1644
3835 1647
3840 1649
3845 1651
3850 1653
3855 1655
3860 1657
3865 1660
3870 1662
3875 1664
3880 1666
3885 1668
3890 1670
3895 1673
3900 1675
3905 1677
3910 1679
3915 1681
3920 1684
3925 1686
3930 1688
3935 1690
3940 1692
3945 1694
3950 1697
3955 1699
3960 1701
3965 1703
3970 1705
3975 1708
3980 1710
3985 1712
3990 1714
3995 1716
4000 1719
4005 1721
4010 1723
4015 1725
4020 1727
4025 1729
4030 1731
4035 1734
4040 1736
4045 1738
4050 1740
4055 1742
4060 1745
4065 1747
4070 1749
4075 1751
4080 1753
4085 1755
4090 1758
4095 1760
4100 1762
4105 1764
4110 1767
4115 1769
4120 1771
4125 1773
4130 1775
4135 1777
4140 1779
4145 1782
4150 1784
4155 1786
4160 1788
4165 1791
4170 1793
4175 1795
4180 1797
4185 1799
4190 1801
4195 1804
4200 1806
4205 1808
4210 1810
4215 1812
4220 1815
4225 1817
4230 1819
4235 1821
4240 1823
4245 1825
4250 1828
4255 1830
4260 1832
4265 1834
4270 1836
4275 1839
4280 1841
4285 1843
4290 1845
4295 1847
4300 1850
4305 1852
4310 1854
4315 1856
4320 1858
4325 1860
4330 1863
4335 1865
4340 1867
4345 1869
4350 1871
4355 1874
4360 1876
4365 1878
4370 1880
4375 1882
4380 1884
4385 1887
4390 1889
4395 1891
4400 1893
4405 1896
4410 1898
4415 1900
4420 1902
4425 1904
4430 1906
4435 1909
4440 1911
4445 1913
4450 1915
4455 1917
4460 1920
4465 1922
4470 1924
4475 1926
4480 1928
4485 1930
4490 1933
4495 1935
4500 1937
4505 1939
4510 1941
4515 1944
4520 1946
4525 1948
4530 1950
4535 1952
4540 1954
4545 1957
4550 1959
4555 1961
4560 1963
4565 1965
4570 1968
4575 1970
4580 1972
4585 1974
4590 1976
4595 1979
4600 1981
4605 1983
4610 1985
4615 1987
4620 1990
4625 1992
4630 1994
4635 1996
4640 1998
4645 2000
4650 2002
4655 2005
4660 2007
4665 2009
4670 2011
4675 2013
4680 2016
4685 2018
4690 2020
4695 2022
4700 2024
4705 2026
4710 2029
4715 2031
4720 2033
4725 2035
4730 2037
4735 2040
4740 2042
4745 2044
4750 2046
4755 2048
4760 2050
4765 2053
4770 2055
4775 2057
4780 2059
4785 2061
4790 2064
4795 2066
4800 2068
4805 2070
4810 2072
4815 2074
4820 2077
4825 2079
4830 2081
4835 2083
4840 2085
4845 2088
4850 2090
4855 2092
4860 2094
4865 2096
4870 2099
4875 2101
4880 2103
4885 2105
4890 2107
4895 2109
4900 2112
4905 2114
4910 2116
4915 2118
4920 2120
4925 2122
4930 2125
4935 2127
4940 2129
4945 2131
4950 2134
4955 2136
4960 2138
4965 2140
4970 2142
4975 2144
4980 2147
4985 2149
4990 2151
4995 2153
