10 0
15 0
20 1
25 1
30 2
35 3
40 4
45 5
50 7
55 9
60 11
65 13
70 15
75 17
80 19
85 21
90 24
95 26
100 29
105 31
110 34
115 37
120 40
125 42
130 45
135 48
140 51
145 54
150 57
155 60
160 63
165 66
170 69
175 72
180 75
185 78
190 81
195 84
200 88
205 91
210 94
215 97
220 100
225 103
230 107
235 110
240 113
245 116
250 119
255 123
260 126
265 129
270 132
275 136
280 139
285 142
290 145
295 148
300 152
305 155
310 158
315 162
320 165
325 168
330 171
335 174
340 178
345 181
350 184
355 188
360 191
365 194
370 197
375 201
380 204
385 207
390 210
395 214
400 217
405 220
410 224
415 227
420 230
425 234
430 237
435 240
440 243
445 246
450 250
455 253
460 256
465 260
470 263
475 266
480 269
485 273
490 276
495 279
500 283
505 286
510 289
515 292
520 296
525 299
530 302
535 306
540 309
545 312
550 315
555 319
560 322
565 325
570 328
575 332
580 335
585 338
590 342
595 345
600 348
605 352
610 355
615 358
620 361
625 364
630 368
635 371
640 374
645 378
650 381
655 384
660 388
665 391
670 394
675 397
680 401
685 404
690 407
695 410
700 414
705 417
710 420
715 424
720 427
725 430
730 433
735 437
740 440
745 443
750 447
755 450
760 453
765 456
770 460
775 463
780 466
785 470
790 473
795 476
800 479
805 483
810 486
815 489
820 492
825 496
830 499
835 502
840 505
845 509
850 512
855 515
860 519
865 522
870 525
875 528
880 532
885 535
890 538
895 542
900 545
905 548
910 551
915 555
920 558
925 561
930 564
935 568
940 571
945 574
950 578
955 581
960 584
965 587
970 591
975 594
980 597
985 600
990 604
995 607
1000 610
1005 614
1010 617
1015 620
1020 623
1025 627
1030 630
1035 633
1040 636
1045 640
1050 643
1055 646
1060 650
1065 653
1070 656
1075 659
1080 663
1085 666
1090 669
1095 673
1100 676
1105 679
1110 682
1115 686
1120 689
1125 692
1130 695
1135 699
1140 702
1145 705
1150 709
1155 712
1160 715
1165 718
1170 722
1175 725
1180 728
1185 732
1190 735
1195 738
1200 741
1205 745
1210 748
1215 751
1220 754
1225 758
1230 761
1235 764
1240 768
1245 771
1250 774
1255 777
1260 781
1265 784
1270 787
1275 791
1280 794
1285 797
1290 800
1295 804
1300 807
1305 810
1310 814
1315 817
1320 820
1325 823
1330 827
1335 830
1340 833
1345 836
1350 840
1355 843
1360 846
1365 850
1370 853
1375 856
1380 860
1385 863
1390 866
1395 869
1400 872
1405 876
1410 879
1415 882
1420 886
1425 889
1430 892
1435 895
1440 899
1445 902
1450 905
1455 909
1460 912
1465 915
1470 918
1475 922
1480 925
1485 928
1490 932
1495 935
1500 938
1505 941
1510 945
1515 948
1520 951
1525 955
1530 958
1535 961
1540 964
1545 968
1550 971
1555 974
1560 978
1565 981
1570 984
1575 987
1580 990
1585 994
1590 997
1595 1000
1600 1004
1605 1007
1610 1010
1615 1013
1620 1017
1625 1020
1630 1023
1635 1027
1640 1030
1645 1033
1650 1036
1655 1040
1660 1043
1665 1046
1670 1050
1675 1053
1680 1056
1685 1059
1690 1062
1695 1066
1700 1069
1705 1072
1710 1076
1715 1079
1720 1082
1725 1085
1730 1089
1735 1092
1740 1095
1745 1099
1750 1102
1755 1105
1760 1108
1765 1112
1770 1115
1775 1118
1780 1122
1785 1125
1790 1128
1795 1131
1800 1135
1805 1138
1810 1141
1815 1144
1820 1148
1825 1151
1830 1154
1835 1158
1840 1161
1845 1164
1850 1167
1855 1171
1860 1174
1865 1177
1870 1180
1875 1184
1880 1187
1885 1190
1890 1194
1895 1197
1900 1200
1905 1204
1910 1207
1915 1210
1920 1213
1925 1217
1930 1220
1935 1223
1940 1226
1945 1230
1950 1233
1955 1236
1960 1240
1965 1243
1970 1246
1975 1249
1980 1253
1985 1256
1990 1259
1995 1263
2000 1266
2005 1269
2010 1272
2015 1276
2020 1279
2025 1282
2030 1285
2035 1289
2040 1292
2045 1295
2050 1299
2055 1302
2060 1305
2065 1308
2070 1312
2075 1315
2080 1318
2085 1322
2090 1325
2095 1328
2100 1331
2105 1335
2110 1338
2115 1341
2120 1344
2125 1348
2130 1351
2135 1354
2140 1358
2145 1361
2150 1364
2155 1368
2160 1371
2165 1374
2170 1377
2175 1380
2180 1384
2185 1387
2190 1390
2195 1394
2200 1397
2205 1400
2210 1403
2215 1407
2220 1410
2225 1413
2230 1416
2235 1420
2240 1423
2245 1426
2250 1430
2255 1433
2260 1436
2265 1439
2270 1443
2275 1446
2280 1449
2285 1453
2290 1456
2295 1459
2300 1462
2305 1466
2310 1469
2315 1472
2320 1476
2325 1479
2330 1482
2335 1485
2340 1489
2345 1492
2350 1495
2355 1498
2360 1502
2365 1505
2370 1508
2375 1512
2380 1515
2385 1518
2390 1521
2395 1525
2400 1528
2405 1531
2410 1535
2415 1538
2420 1541
2425 1544
2430 1548
2435 1551
2440 1554
2445 1558
2450 1561
2455 1564
2460 1567
2465 1571
2470 1574
2475 1577
2480 1581
2485 1584
2490 1587
2495 1590
2500 1594
2505 1597
2510 1600
2515 1604
2520 1607
2525 1610
2530 1613
2535 1617
2540 1620
2545 1623
2550 1626
2555 1630
2560 1633
2565 1636
2570 1640
2575 1643
2580 1646
2585 1650
2590 1653
2595 1656
2600 1659
2605 1662
2610 1666
2615 1669
2620 1672
2625 1676
2630 1679
2635 1682
2640 1685
2645 1689
2650 1692
2655 1695
2660 1699
2665 1702
2670 1705
2675 1708
2680 1712
2685 1715
2690 1718
2695 1722
2700 1725
2705 1728
2710 1731
2715 1735
2720 1738
2725 1741
2730 1745
2735 1748
2740 1751
2745 1754
2750 1758
2755 1761
2760 1764
2765 1767
2770 1771
2775 1774
2780 1777
2785 1781
2790 1784
2795 1787
2800 1790
2805 1794
2810 1797
2815 1800
2820 1803
2825 1807
2830 1810
2835 1813
2840 1817
2845 1820
2850 1823
2855 1826
2860 1830
2865 1833
2870 1836
2875 1839
2880 1843
2885 1846
2890 1849
2895 1852
2900 1856
2905 1859
2910 1862
2915 1866
2920 1869
2925 1872
2930 1876
2935 1879
2940 1882
2945 1885
2950 1889
2955 1892
2960 1895
2965 1898
2970 1902
2975 1905
2980 1908
2985 1912
2990 1915
2995 1918
3000 1921
3005 1925
3010 1928
3015 1931
3020 1935
3025 1938
3030 1941
3035 1944
3040 1948
3045 1951
3050 1954
3055 1958
3060 1961
3065 1964
3070 1967
3075 1971
3080 1974
3085 1977
3090 1980
3095 1984
3100 1987
3105 1990
3110 1994
3115 1997
3120 2000
3125 2003
3130 2007
3135 2010
3140 2013
3145 2017
3150 2020
3155 2023
3160 2026
3165 2030
3170 2033
3175 2036
3180 2040
3185 2043
3190 2046
3195 2049
3200 2053
3205 2056
3210 2059
3215 2063
3220 2066
3225 2069
3230 2072
3235 2076
3240 2079
3245 2082
3250 2086
3255 2089
3260 2092
3265 2095
3270 2099
3275 2102
3280 2105
3285 2108
3290 2112
3295 2115
3300 2118
3305 2122
3310 2125
3315 2128
3320 2131
3325 2135
3330 2138
3335 2141
3340 2144
3345 2148
3350 2151
3355 2154
3360 2158
3365 2161
3370 2164
3375 2167
3380 2171
3385 2174
3390 2177
3395 2180
3400 2184
3405 2187
3410 2190
3415 2194
3420 2197
3425 2200
3430 2203
3435 2207
3440 2210
3445 2213
3450 2216
3455 2220
3460 2223
3465 2226
3470 2230
3475 2233
3480 2236
3485 2239
3490 2243
3495 2246
3500 2249
3505 2253
3510 2256
3515 2259
3520 2262
3525 2266
3530 2269
3535 2272
3540 2276
3545 2279
3550 2282
3555 2285
3560 2288
3565 2292
3570 2295
3575 2298
3580 2302
3585 2305
3590 2308
3595 2312
3600 2315
3605 2318
3610 2321
3615 2325
3620 2328
3625 2331
3630 2334
3635 2338
3640 2341
3645 2344
3650 2348
3655 2351
3660 2354
3665 2357
3670 2361
3675 2364
3680 2367
3685 2371
3690 2374
3695 2377
3700 2380
3705 2384
3710 2387
3715 2390
3720 2394
3725 2397
3730 2400
3735 2403
3740 2407
3745 2410
3750 2413
3755 2417
3760 2420
3765 2423
3770 2426
3775 2430
3780 2433
3785 2436
3790 2440
3795 2443
3800 2446
3805 2449
3810 2453
3815 2456
3820 2459
3825 2462
3830 2466
3835 2469
3840 2472
3845 2476
3850 2479
3855 2482
3860 2486
3865 2489
3870 2492
3875 2495
3880 2499
3885 2502
3890 2505
3895 2509
3900 2512
3905 2515
3910 2518
3915 2522
3920 2525
3925 2528
3930 2531
3935 2535
3940 2538
3945 2541
3950 2544
3955 2548
3960 2551
3965 2554
3970 2558
3975 2561
3980 2564
3985 2568
3990 2571
3995 2574
4000 2577
4005 2581
4010 2584
4015 2587
4020 2590
4025 2594
4030 2597
4035 2600
4040 2603
4045 2607
4050 2610
4055 2613
4060 2616
4065 2620
4070 2623
4075 2626
4080 2630
4085 2633
4090 2636
4095 2639
4100 2643
4105 2646
4110 2649
4115 2653
4120 2656
4125 2659
4130 2662
4135 2666
4140 2669
4145 2672
4150 2676
4155 2679
4160 2682
4165 2685
4170 2689
4175 2692
4180 2695
4185 2698
4190 2702
4195 2705
4200 2708
4205 2712
4210 2715
4215 2718
4220 2721
4225 2725
4230 2728
4235 2731
4240 2734
4245 2738
4250 2741
4255 2744
4260 2748
4265 2751
4270 2754
4275 2757
4280 2761
4285 2764
4290 2767
4295 2770
4300 2774
4305 2777
4310 2780
4315 2784
4320 2787
4325 2790
4330 2793
4335 2797
4340 2800
4345 2803
4350 2807
4355 2810
4360 2813
4365 2816
4370 2820
4375 2823
4380 2826
4385 2830
4390 2833
4395 2836
4400 2839
4405 2843
4410 2846
4415 2849
4420 2853
4425 2856
4430 2859
4435 2862
4440 2866
4445 2869
4450 2872
4455 2876
4460 2879
4465 2882
4470 2885
4475 2889
4480 2892
4485 2895
4490 2899
4495 2902
4500 2905
4505 2908
4510 2912
4515 2915
4520 2918
4525 2922
4530 2925
4535 2928
4540 2931
4545 2934
4550 2938
4555 2941
4560 2944
4565 2948
4570 2951
4575 2954
4580 2957
4585 2961
4590 2964
4595 2967
4600 2971
4605 2974
4610 2977
4615 2980
4620 2984
4625 2987
4630 2990
4635 2994
4640 2997
4645 3000
4650 3003
4655 3006
4660 3010
4665 3013
4670 3016
4675 3020
4680 3023
4685 3026
4690 3029
4695 3033
4700 3036
4705 3039
4710 3043
4715 3046
4720 3049
4725 3052
4730 3056
4735 3059
4740 3062
4745 3066
4750 3069
4755 3072
4760 3075
4765 3079
4770 3082
4775 3085
4780 3088
4785 3092
4790 3095
4795 3098
4800 3101
4805 3105
4810 3108
4815 3111
4820 3115
4825 3118
4830 3121
4835 3124
4840 3128
4845 3131
4850 3134
4855 3138
4860 3141
4865 3144
4870 3147
4875 3150
4880 3154
4885 3157
4890 3160
4895 3164
4900 3167
4905 3170
4910 3173
4915 3177
4920 3180
4925 3183
4930 3187
4935 3190
4940 3193
4945 3196
4950 3200
4955 3203
4960 3206
4965 3210
4970 3213
4975 3216
4980 3220
4985 3223
4990 3226
4995 3229
