10 0
15 0
20 1
25 1
30 2
35 4
40 5
45 7
50 9
55 11
60 13
65 16
70 19
75 22
80 25
85 28
90 31
95 34
100 37
105 41
110 45
115 48
120 52
125 55
130 59
135 63
140 67
145 71
150 75
155 79
160 83
165 87
170 91
175 95
180 99
185 103
190 107
195 112
200 116
205 120
210 124
215 129
220 133
225 137
230 141
235 146
240 150
245 154
250 159
255 163
260 167
265 172
270 176
275 180
280 185
285 189
290 194
295 198
300 202
305 207
310 211
315 216
320 220
325 224
330 229
335 233
340 238
345 242
350 246
355 251
360 255
365 260
370 264
375 269
380 273
385 277
390 282
395 286
400 291
405 295
410 299
415 304
420 308
425 313
430 317
435 322
440 326
445 331
450 335
455 340
460 344
465 348
470 353
475 357
480 362
485 366
490 371
495 375
500 380
505 384
510 389
515 393
520 397
525 402
530 406
535 411
540 415
545 420
550 424
555 429
560 433
565 438
570 442
575 447
580 451
585 455
590 460
595 464
600 469
605 473
610 478
615 482
620 487
625 491
630 495
635 500
640 505
645 509
650 513
655 518
660 522
665 527
670 531
675 536
680 540
685 545
690 549
695 554
700 558
705 563
710 567
715 571
720 576
725 580
730 585
735 589
740 594
745 598
750 603
755 607
760 611
765 616
770 621
775 625
780 629
785 634
790 638
795 643
800 647
805 652
810 656
815 661
820 665
825 670
830 674
835 678
840 683
845 687
850 692
855 696
860 701
865 705
870 710
875 714
880 719
885 723
890 727
895 732
900 736
905 741
910 745
915 750
920 754
925 759
930 763
935 768
940 772
945 776
950 781
955 785
960 790
965 794
970 799
975 803
980 808
985 812
990 817
995 821
1000 825
1005 830
1010 834
1015 839
1020 843
1025 848
1030 852
1035 857
1040 861
1045 866
1050 870
1055 874
1060 879
1065 883
1070 888
1075 892
1080 897
1085 901
1090 906
1095 910
1100 915
1105 919
1110 923
1115 928
1120 932
1125 937
1130 941
1135 946
1140 950
1145 955
1150 959
1155 964
1160 968
1165 972
1170 977
1175 981
1180 986
1185 990
1190 995
1195 999
1200 1004
1205 1008
1210 1013
1215 1017
1220 1022
1225 1026
1230 1031
1235 1035
1240 1039
1245 1044
1250 1048
1255 1053
1260 1057
1265 1062
1270 1066
1275 1071
1280 1075
1285 1080
1290 1084
1295 1088
1300 1093
1305 1097
1310 1102
1315 1106
1320 1111
1325 1115
1330 1120
1335 1124
1340 1129
1345 1133
1350 1138
1355 1142
1360 1147
1365 1151
1370 1155
1375 1160
1380 1164
1385 1169
1390 1173
1395 1178
1400 1182
1405 1187
1410 1191
1415 1196
1420 1200
1425 1205
1430 1209
1435 1213
1440 1218
1445 1222
1450 1227
1455 1231
1460 1236
1465 1240
1470 1245
1475 1249
1480 1253
1485 1258
1490 1262
1495 1267
1500 1271
1505 1276
1510 1280
1515 1285
1520 1289
1525 1294
1530 1298
1535 1303
1540 1307
1545 1311
1550 1316
1555 1320
1560 1325
1565 1329
1570 1334
1575 1338
1580 1343
1585 1347
1590 1351
1595 1356
1600 1360
1605 1365
1610 1369
1615 1374
1620 1378
1625 1383
1630 1387
1635 1392
1640 1396
1645 1400
1650 1405
1655 1409
1660 1414
1665 1418
1670 1423
1675 1427
1680 1432
1685 1436
1690 1441
1695 1445
1700 1449
1705 1454
1710 1458
1715 1463
1720 1467
1725 1472
1730 1476
1735 1481
1740 1485
1745 1490
1750 1494
1755 1499
1760 1503
1765 1507
1770 1512
1775 1516
1780 1521
1785 1525
1790 1530
1795 1534
1800 1539
1805 1543
1810 1547
1815 1552
1820 1557
1825 1561
1830 1565
1835 1570
1840 1574
1845 1579
1850 1583
1855 1588
1860 1592
1865 1597
1870 1601
1875 1605
1880 1610
1885 1615
1890 1619
1895 1623
1900 1628
1905 1632
1910 1637
1915 1641
1920 1646
1925 1650
1930 1655
1935 1659
1940 1664
1945 1668
1950 1673
1955 1677
1960 1681
1965 1686
1970 1690
1975 1695
1980 1699
1985 1704
1990 1708
1995 1713
2000 1717
2005 1722
2010 1726
2015 1731
2020 1735
2025 1739
2030 1744
2035 1748
2040 1753
2045 1757
2050 1762
2055 1766
2060 1771
2065 1775
2070 1779
2075 1784
2080 1788
2085 1793
2090 1797
2095 1802
2100 1806
2105 1811
2110 1815
2115 1820
2120 1824
2125 1829
2130 1833
2135 1837
2140 1842
2145 1846
2150 1851
2155 1855
2160 1860
2165 1864
2170 1869
2175 1873
2180 1877
2185 1882
2190 1886
2195 1891
2200 1895
2205 1900
2210 1904
2215 1909
2220 1913
2225 1918
2230 1922
2235 1927
2240 1931
2245 1935
2250 1940
2255 1944
2260 1949
2265 1953
2270 1958
2275 1962
2280 1967
2285 1971
2290 1975
2295 1980
2300 1984
2305 1989
2310 1993
2315 1998
2320 2002
2325 2007
2330 2011
2335 2016
2340 2020
2345 2024
2350 2029
2355 2033
2360 2038
2365 2042
2370 2047
2375 2051
2380 2056
2385 2060
2390 2065
2395 2069
2400 2073
2405 2078
2410 2082
2415 2087
2420 2091
2425 2096
2430 2100
2435 2105
2440 2109
2445 2114
2450 2118
2455 2123
2460 2127
2465 2131
2470 2136
2475 2140
2480 2145
2485 2149
2490 2154
2495 2158
2500 2163
2505 2167
2510 2172
2515 2176
2520 2181
2525 2185
2530 2189
2535 2194
2540 2198
2545 2203
2550 2207
2555 2212
2560 2216
2565 2221
2570 2225
2575 2230
2580 2234
2585 2239
2590 2243
2595 2248
2600 2252
2605 2257
2610 2261
2615 2265
2620 2270
2625 2274
2630 2279
2635 2283
2640 2288
2645 2292
2650 2297
2655 2301
2660 2305
2665 2310
2670 2314
2675 2319
2680 2323
2685 2328
2690 2332
2695 2337
2700 2341
2705 2346
2710 2350
2715 2355
2720 2359
2725 2363
2730 2368
2735 2372
2740 2377
2745 2381
2750 2386
2755 2390
2760 2395
2765 2399
2770 2403
2775 2408
2780 2412
2785 2417
2790 2421
2795 2426
2800 2430
2805 2435
2810 2439
2815 2444
2820 2448
2825 2452
2830 2457
2835 2461
2840 2466
2845 2470
2850 2475
2855 2479
2860 2483
2865 2488
2870 2492
2875 2497
2880 2501
2885 2506
2890 2510
2895 2515
2900 2519
2905 2524
2910 2528
2915 2533
2920 2537
2925 2541
2930 2546
2935 2550
2940 2555
2945 2559
2950 2564
2955 2568
2960 2573
2965 2577
2970 2581
2975 2586
2980 2591
2985 2595
2990 2599
2995 2604
3000 2608
3005 2613
3010 2617
3015 2622
3020 2626
3025 2630
3030 2635
3035 2639
3040 2644
3045 2648
3050 2653
3055 2657
3060 2662
3065 2666
3070 2671
3075 2675
3080 2679
3085 2684
3090 2689
3095 2693
3100 2697
3105 2702
3110 2706
3115 2711
3120 2715
3125 2720
3130 2724
3135 2729
3140 2733
3145 2738
3150 2742
3155 2746
3160 2751
3165 2755
3170 2760
3175 2764
3180 2769
3185 2773
3190 2778
3195 2782
3200 2787
3205 2791
3210 2795
3215 2800
3220 2804
3225 2809
3230 2813
3235 2818
3240 2822
3245 2827
3250 2831
3255 2836
3260 2840
3265 2845
3270 2849
3275 2853
3280 2858
3285 2862
3290 2867
3295 2871
3300 2876
3305 2880
3310 2885
3315 2889
3320 2894
3325 2898
3330 2903
3335 2907
3340 2911
3345 2916
3350 2920
3355 2925
3360 2929
3365 2934
3370 2938
3375 2943
3380 2947
3385 2952
3390 2956
3395 2960
3400 2965
3405 2969
3410 2974
3415 2978
3420 2983
3425 2987
3430 2992
3435 2996
3440 3001
3445 3005
3450 3009
3455 3014
3460 3018
3465 3023
3470 3027
3475 3032
3480 3036
3485 3041
3490 3045
3495 3049
3500 3054
3505 3058
3510 3063
3515 3067
3520 3072
3525 3076
3530 3081
3535 3085
3540 3090
3545 3094
3550 3098
3555 3103
3560 3107
3565 3112
3570 3116
3575 3121
3580 3125
3585 3129
3590 3134
3595 3139
3600 3143
3605 3147
3610 3152
3615 3156
3620 3161
3625 3165
3630 3170
3635 3174
3640 3179
3645 3183
3650 3187
3655 3192
3660 3196
3665 3201
3670 3205
3675 3210
3680 3214
3685 3219
3690 3223
3695 3228
3700 3232
3705 3237
3710 3241
3715 3245
3720 3250
3725 3254
3730 3259
3735 3263
3740 3268
3745 3272
3750 3277
3755 3281
3760 3286
3765 3290
3770 3294
3775 3299
3780 3303
3785 3308
3790 3312
3795 3317
3800 3321
3805 3326
3810 3330
3815 3335
3820 3339
3825 3344
3830 3348
3835 3352
3840 3357
3845 3361
3850 3366
3855 3370
3860 3375
3865 3379
3870 3384
3875 3388
3880 3393
3885 3397
3890 3402
3895 3406
3900 3410
3905 3415
3910 3419
3915 3424
3920 3428
3925 3433
3930 3437
3935 3441
3940 3446
3945 3451
3950 3455
3955 3459
3960 3464
3965 3468
3970 3473
3975 3477
3980 3482
3985 3486
3990 3491
3995 3495
4000 3500
4005 3504
4010 3508
4015 3513
4020 3517
4025 3522
4030 3526
4035 3531
4040 3535
4045 3540
4050 3544
4055 3549
4060 3553
4065 3557
4070 3562
4075 3566
4080 3571
4085 3575
4090 3580
4095 3584
4100 3589
4105 3593
4110 3598
4115 3602
4120 3606
4125 3611
4130 3615
4135 3620
4140 3624
4145 3629
4150 3633
4155 3637
4160 3642
4165 3647
4170 3651
4175 3655
4180 3660
4185 3664
4190 3669
4195 3673
4200 3678
4205 3682
4210 3687
4215 3691
4220 3695
4225 3700
4230 3704
4235 3709
4240 3713
4245 3718
4250 3722
4255 3727
4260 3731
4265 3735
4270 3740
4275 3744
4280 3749
4285 3753
4290 3758
4295 3762
4300 3767
4305 3771
4310 3775
4315 3780
4320 3785
4325 3789
4330 3793
4335 3798
4340 3802
4345 3807
4350 3811
4355 3816
4360 3820
4365 3825
4370 3829
4375 3833
4380 3838
4385 3843
4390 3847
4395 3851
4400 3856
4405 3860
4410 3865
4415 3869
4420 3874
4425 3878
4430 3883
4435 3887
4440 3891
4445 3896
4450 3900
4455 3905
4460 3909
4465 3914
4470 3918
4475 3923
4480 3927
4485 3932
4490 3936
4495 3941
4500 3945
4505 3949
4510 3954
4515 3958
4520 3963
4525 3967
4530 3972
4535 3976
4540 3981
4545 3985
4550 3990
4555 3994
4560 3998
4565 4003
4570 4007
4575 4012
4580 4016
4585 4021
4590 4025
4595 4030
4600 4034
4605 4039
4610 4043
4615 4047
4620 4052
4625 4057
4630 4061
4635 4065
4640 4070
4645 4074
4650 4079
4655 4083
4660 4087
4665 4092
4670 4096
4675 4101
4680 4105
4685 4110
4690 4114
4695 4119
4700 4123
4705 4128
4710 4132
4715 4136
4720 4141
4725 4145
4730 4150
4735 4154
4740 4159
4745 4163
4750 4168
4755 4172
4760 4177
4765 4181
4770 4185
4775 4190
4780 4194
4785 4199
4790 4203
4795 4208
4800 4212
4805 4217
4810 4221
4815 4226
4820 4230
4825 4234
4830 4239
4835 4243
4840 4248
4845 4252
4850 4257
4855 4261
4860 4266
4865 4270
4870 4275
4875 4279
4880 4283
4885 4288
4890 4292
4895 4297
4900 4301
4905 4305
4910 4310
4915 4314
4920 4319
4925 4323
4930 4328
4935 4332
4940 4337
4945 4341
4950 4346
4955 4350
4960 4355
4965 4359
4970 4363
4975 4368
4980 4372
4985 4377
4990 4381
4995 4386
