10 0
15 0
20 0
25 0
30 0
35 0
40 1
45 1
50 2
55 3
60 3
65 4
70 5
75 6
80 6
85 7
90 8
95 9
100 10
105 11
110 12
115 13
120 14
125 15
130 16
135 17
140 18
145 19
150 20
155 21
160 22
165 23
170 24
175 25
180 26
185 27
190 28
195 29
200 30
205 31
210 32
215 33
220 34
225 35
230 37
235 38
240 39
245 40
250 41
255 42
260 43
265 44
270 45
275 46
280 47
285 48
290 50
295 51
300 52
305 53
310 54
315 55
320 56
325 57
330 58
335 59
340 60
345 61
350 62
355 63
360 65
365 66
370 67
375 68
380 69
385 70
390 71
395 72
400 73
405 74
410 76
415 77
420 78
425 79
430 80
435 81
440 82
445 83
450 84
455 85
460 86
465 87
470 88
475 90
480 91
485 92
490 93
495 94
500 95
505 96
510 97
515 98
520 99
525 100
530 102
535 103
540 104
545 105
550 106
555 107
560 108
565 109
570 110
575 111
580 112
585 113
590 114
595 116
600 117
605 118
610 119
615 120
620 121
625 122
630 123
635 124
640 126
645 127
650 128
655 129
660 130
665 131
670 132
675 133
680 134
685 135
690 136
695 137
700 138
705 140
710 141
715 142
720 143
725 144
730 145
735 146
740 147
745 148
750 149
755 150
760 152
765 153
770 154
775 155
780 156
785 157
790 158
795 159
800 160
805 161
810 162
815 163
820 164
825 166
830 167
835 168
840 169
845 170
850 171
855 172
860 173
865 174
870 175
875 176
880 178
885 179
890 180
895 181
900 182
905 183
910 184
915 185
920 186
925 187
930 188
935 189
940 190
945 192
950 193
955 194
960 195
965 196
970 197
975 198
980 199
985 200
990 202
995 203
1000 204
1005 205
1010 206
1015 207
1020 208
1025 209
1030 210
1035 211
1040 212
1045 213
1050 214
1055 216
1060 217
1065 218
1070 219
1075 220
1080 221
1085 222
1090 223
1095 224
1100 226
1105 227
1110 228
1115 229
1120 230
1125 231
1130 232
1135 233
1140 234
1145 235
1150 236
1155 237
1160 238
1165 240
1170 241
1175 242
1180 243
1185 244
1190 245
1195 246
1200 247
1205 248
1210 249
1215 250
1220 252
1225 253
1230 254
1235 255
1240 256
1245 257
1250 258
1255 259
1260 260
1265 261
1270 262
1275 263
1280 265
1285 266
1290 267
1295 268
1300 269
1305 270
1310 271
1315 272
1320 273
1325 274
1330 275
1335 277
1340 278
1345 279
1350 280
1355 281
1360 282
1365 283
1370 284
1375 285
1380 286
1385 287
1390 288
1395 289
1400 291
1405 292
1410 293
1415 294
1420 295
1425 296
1430 297
1435 298
1440 299
1445 300
1450 301
1455 303
1460 304
1465 305
1470 306
1475 307
1480 308
1485 309
1490 310
1495 311
1500 312
1505 313
1510 314
1515 316
1520 317
1525 318
1530 319
1535 320
1540 321
1545 322
1550 323
1555 324
1560 325
1565 326
1570 328
1575 329
1580 330
1585 331
1590 332
1595 333
1600 334
1605 335
1610 336
1615 337
1620 338
1625 339
1630 340
1635 342
1640 343
1645 344
1650 345
1655 346
1660 347
1665 348
1670 349
1675 350
1680 351
1685 352
1690 354
1695 355
1700 356
1705 357
1710 358
1715 359
1720 360
1725 361
1730 362
1735 363
1740 364
1745 366
1750 367
1755 368
1760 369
1765 370
1770 371
1775 372
1780 373
1785 374
1790 375
1795 376
1800 378
1805 379
1810 380
1815 381
1820 382
1825 383
1830 384
1835 385
1840 386
1845 387
1850 388
1855 390
1860 391
1865 392
1870 393
1875 394
1880 395
1885 396
1890 397
1895 398
1900 399
1905 400
1910 402
1915 403
1920 404
1925 405
1930 406
1935 407
1940 408
1945 409
1950 410
1955 411
1960 412
1965 414
1970 415
1975 416
1980 417
1985 418
1990 419
1995 420
2000 421
2005 422
2010 423
2015 424
2020 425
2025 426
2030 428
2035 429
2040 430
2045 431
2050 432
2055 433
2060 434
2065 435
2070 436
2075 437
2080 438
2085 440
2090 441
2095 442
2100 443
2105 444
2110 445
2115 446
2120 447
2125 448
2130 449
2135 450
2140 451
2145 452
2150 454
2155 455
2160 456
2165 457
2170 458
2175 459
2180 460
2185 461
2190 462
2195 463
2200 465
2205 466
2210 467
2215 468
2220 469
2225 470
2230 471
2235 472
2240 473
2245 474
2250 475
2255 476
2260 477
2265 478
2270 480
2275 481
2280 482
2285 483
2290 484
2295 485
2300 486
2305 487
2310 488
2315 490
2320 491
2325 492
2330 493
2335 494
2340 495
2345 496
2350 497
2355 498
2360 499
2365 500
2370 501
2375 502
2380 504
2385 505
2390 506
2395 507
2400 508
2405 509
2410 510
2415 511
2420 512
2425 513
2430 514
2435 516
2440 517
2445 518
2450 519
2455 520
2460 521
2465 522
2470 523
2475 524
2480 525
2485 526
2490 527
2495 528
2500 530
2505 531
2510 532
2515 533
2520 534
2525 535
2530 536
2535 537
2540 538
2545 539
2550 541
2555 542
2560 543
2565 544
2570 545
2575 546
2580 547
2585 548
2590 549
2595 550
2600 551
2605 552
2610 554
2615 555
2620 556
2625 557
2630 558
2635 559
2640 560
2645 561
2650 562
2655 563
2660 564
2665 566
2670 567
2675 568
2680 569
2685 570
2690 571
2695 572
2700 573
2705 574
2710 575
2715 576
2720 577
2725 578
2730 580
2735 581
2740 582
2745 583
2750 584
2755 585
2760 586
2765 587
2770 588
2775 589
2780 590
2785 592
2790 593
2795 594
2800 595
2805 596
2810 597
2815 598
2820 599
2825 600
2830 601
2835 602
2840 603
2845 604
2850 606
2855 607
2860 608
2865 609
2870 610
2875 611
2880 612
2885 613
2890 614
2895 615
2900 616
2905 618
2910 619
2915 620
2920 621
2925 622
2930 623
2935 624
2940 625
2945 626
2950 627
2955 628
2960 630
2965 631
2970 632
2975 633
2980 634
2985 635
2990 636
2995 637
3000 638
3005 639
3010 640
3015 641
3020 642
3025 644
3030 645
3035 646
3040 647
3045 648
3050 649
3055 650
3060 651
3065 652
3070 653
3075 655
3080 656
3085 657
3090 658
3095 659
3100 660
3105 661
3110 662
3115 663
3120 664
3125 665
3130 666
3135 668
3140 669
3145 670
3150 671
3155 672
3160 673
3165 674
3170 675
3175 676
3180 677
3185 678
3190 680
3195 681
3200 682
3205 683
3210 684
3215 685
3220 686
3225 687
3230 688
3235 689
3240 690
3245 691
3250 692
3255 694
3260 695
3265 696
3270 697
3275 698
3280 699
3285 700
3290 701
3295 702
3300 703
3305 704
3310 706
3315 707
3320 708
3325 709
3330 710
3335 711
3340 712
3345 713
3350 714
3355 715
3360 716
3365 717
3370 718
3375 720
3380 721
3385 722
3390 723
3395 724
3400 725
3405 726
3410 727
3415 728
3420 730
3425 731
3430 732
3435 733
3440 734
3445 735
3450 736
3455 737
3460 738
3465 739
3470 740
3475 741
3480 742
3485 744
3490 745
3495 746
3500 747
3505 748
3510 749
3515 750
3520 751
3525 752
3530 753
3535 754
3540 756
3545 757
3550 758
3555 759
3560 760
3565 761
3570 762
3575 763
3580 764
3585 765
3590 766
3595 767
3600 769
3605 770
3610 771
3615 772
3620 773
3625 774
3630 775
3635 776
3640 777
3645 778
3650 780
3655 781
3660 782
3665 783
3670 784
3675 785
3680 786
3685 787
3690 788
3695 789
3700 790
3705 791
3710 792
3715 794
3720 795
3725 796
3730 797
3735 798
3740 799
3745 800
3750 801
3755 802
3760 803
3765 804
3770 806
3775 807
3780 808
3785 809
3790 810
3795 811
3800 812
3805 813
3810 814
3815 815
3820 816
3825 817
3830 818
3835 820
3840 821
3845 822
3850 823
3855 824
3860 825
3865 826
3870 827
3875 828
3880 829
3885 830
3890 832
3895 833
3900 834
3905 835
3910 836
3915 837
3920 838
3925 839
3930 840
3935 841
3940 842
3945 843
3950 845
3955 846
3960 847
3965 848
3970 849
3975 850
3980 851
3985 852
3990 853
3995 854
4000 855
4005 856
4010 858
4015 859
4020 860
4025 861
4030 862
4035 863
4040 864
4045 865
4050 866
4055 867
4060 868
4065 870
4070 871
4075 872
4080 873
4085 874
4090 875
4095 876
4100 877
4105 878
4110 879
4115 880
4120 881
4125 882
4130 884
4135 885
4140 886
4145 887
4150 888
4155 889
4160 890
4165 891
4170 892
4175 893
4180 894
4185 895
4190 897
4195 898
4200 899
4205 900
4210 901
4215 902
4220 903
4225 904
4230 905
4235 906
4240 907
4245 908
4250 910
4255 911
4260 912
4265 913
4270 914
4275 915
4280 916
4285 917
4290 918
4295 919
4300 920
4305 922
4310 923
4315 924
4320 925
4325 926
4330 927
4335 928
4340 929
4345 930
4350 931
4355 932
4360 934
4365 935
4370 936
4375 937
4380 938
4385 939
4390 940
4395 941
4400 942
4405 943
4410 944
4415 946
4420 947
4425 948
4430 949
4435 950
4440 951
4445 952
4450 953
4455 954
4460 955
4465 956
4470 957
4475 958
4480 960
4485 961
4490 962
4495 963
4500 964
4505 965
4510 966
4515 967
4520 968
4525 969
4530 971
4535 972
4540 973
4545 974
4550 975
4555 976
4560 977
4565 978
4570 979
4575 980
4580 981
4585 982
4590 983
4595 985
4600 986
4605 987
4610 988
4615 989
4620 990
4625 991
4630 992
4635 993
4640 994
4645 995
4650 997
4655 998
4660 999
4665 1000
4670 1001
4675 1002
4680 1003
4685 1004
4690 1005
4695 1006
4700 1007
4705 1008
4710 1009
4715 1010
4720 1012
4725 1013
4730 1014
4735 1015
4740 1016
4745 1017
4750 1018
4755 1019
4760 1020
4765 1021
4770 1022
4775 1024
4780 1025
4785 1026
4790 1027
4795 1028
4800 1029
4805 1030
4810 1031
4815 1032
4820 1033
4825 1034
4830 1035
4835 1036
4840 1038
4845 1039
4850 1040
4855 1041
4860 1042
4865 1043
4870 1044
4875 1045
4880 1046
4885 1047
4890 1048
4895 1050
4900 1051
4905 1052
4910 1053
4915 1054
4920 1055
4925 1056
4930 1057
4935 1058
4940 1059
4945 1060
4950 1062
4955 1063
4960 1064
4965 1065
4970 1066
4975 1067
4980 1068
4985 1069
4990 1070
4995 1071
