10 0
15 0
20 0
25 1
30 2
35 3
40 4
45 5
50 7
55 9
60 11
65 13
70 15
75 17
80 19
85 22
90 24
95 26
100 29
105 32
110 34
115 37
120 40
125 43
130 45
135 48
140 51
145 54
150 57
155 60
160 63
165 66
170 69
175 72
180 76
185 79
190 82
195 85
200 88
205 91
210 94
215 98
220 101
225 104
230 107
235 111
240 114
245 117
250 120
255 123
260 127
265 130
270 133
275 137
280 140
285 143
290 146
295 149
300 153
305 156
310 159
315 163
320 166
325 169
330 172
335 176
340 179
345 182
350 185
355 189
360 192
365 195
370 199
375 202
380 205
385 209
390 212
395 215
400 218
405 222
410 225
415 228
420 232
425 235
430 238
435 241
440 245
445 248
450 251
455 255
460 258
465 261
470 265
475 268
480 271
485 274
490 278
495 281
500 284
505 288
510 291
515 294
520 298
525 301
530 304
535 307
540 311
545 314
550 317
555 321
560 324
565 327
570 331
575 334
580 337
585 340
590 344
595 347
600 350
605 354
610 357
615 360
620 364
625 367
630 370
635 373
640 377
645 380
650 383
655 387
660 390
665 393
670 397
675 400
680 403
685 407
690 410
695 413
700 416
705 420
710 423
715 426
720 430
725 433
730 436
735 439
740 443
745 446
750 449
755 453
760 456
765 459
770 462
775 466
780 469
785 473
790 476
795 479
800 482
805 486
810 489
815 492
820 496
825 499
830 502
835 505
840 509
845 512
850 515
855 519
860 522
865 525
870 528
875 532
880 535
885 538
890 542
895 545
900 548
905 552
910 555
915 558
920 561
925 565
930 568
935 571
940 575
945 578
950 581
955 585
960 588
965 591
970 595
975 598
980 601
985 604
990 608
995 611
1000 614
1005 618
1010 621
1015 624
1020 627
1025 631
1030 634
1035 637
1040 641
1045 644
1050 647
1055 651
1060 654
1065 657
1070 661
1075 664
1080 667
1085 671
1090 674
1095 677
1100 680
1105 684
1110 687
1115 691
1120 694
1125 697
1130 700
1135 704
1140 707
1145 710
1150 714
1155 717
1160 720
1165 723
1170 727
1175 730
1180 733
1185 737
1190 740
1195 743
1200 747
1205 750
1210 753
1215 757
1220 760
1225 763
1230 766
1235 770
1240 773
1245 776
1250 780
1255 783
1260 786
1265 790
1270 793
1275 796
1280 799
1285 803
1290 806
1295 809
1300 813
1305 816
1310 819
1315 822
1320 826
1325 829
1330 833
1335 836
1340 839
1345 842
1350 846
1355 849
1360 852
1365 856
1370 859
1375 862
1380 865
1385 869
1390 872
1395 875
1400 879
1405 882
1410 885
1415 889
1420 892
1425 895
1430 898
1435 902
1440 905
1445 908
1450 912
1455 915
1460 918
1465 921
1470 925
1475 928
1480 931
1485 935
1490 938
1495 941
1500 945
1505 948
1510 951
1515 955
1520 958
1525 961
1530 964
1535 968
1540 971
1545 974
1550 978
1555 981
1560 984
1565 987
1570 991
1575 994
1580 997
1585 1001
1590 1004
1595 1007
1600 1011
1605 1014
1610 1017
1615 1021
1620 1024
1625 1027
1630 1030
1635 1034
1640 1037
1645 1040
1650 1044
1655 1047
1660 1050
1665 1054
1670 1057
1675 1060
1680 1063
1685 1067
1690 1070
1695 1073
1700 1077
1705 1080
1710 1083
1715 1087
1720 1090
1725 1093
1730 1097
1735 1100
1740 1103
1745 1106
1750 1110
1755 1113
1760 1116
1765 1120
1770 1123
1775 1126
1780 1129
1785 1133
1790 1136
1795 1139
1800 1143
1805 1146
1810 1149
1815 1153
1820 1156
1825 1159
1830 1163
1835 1166
1840 1169
1845 1173
1850 1176
1855 1179
1860 1182
1865 1186
1870 1189
1875 1192
1880 1196
1885 1199
1890 1202
1895 1205
1900 1209
1905 1212
1910 1215
1915 1219
1920 1222
1925 1225
1930 1229
1935 1232
1940 1235
1945 1239
1950 1242
1955 1245
1960 1248
1965 1252
1970 1255
1975 1258
1980 1261
1985 1265
1990 1268
1995 1271
2000 1275
2005 1278
2010 1281
2015 1285
2020 1288
2025 1291
2030 1294
2035 1298
2040 1301
2045 1304
2050 1308
2055 1311
2060 1314
2065 1318
2070 1321
2075 1324
2080 1327
2085 1331
2090 1334
2095 1337
2100 1341
2105 1344
2110 1347
2115 1351
2120 1354
2125 1357
2130 1361
2135 1364
2140 1367
2145 1370
2150 1374
2155 1377
2160 1380
2165 1384
2170 1387
2175 1390
2180 1393
2185 1397
2190 1400
2195 1403
2200 1407
2205 1410
2210 1413
2215 1417
2220 1420
2225 1423
2230 1427
2235 1430
2240 1433
2245 1436
2250 1440
2255 1443
2260 1446
2265 1450
2270 1453
2275 1456
2280 1460
2285 1463
2290 1466
2295 1469
2300 1473
2305 1476
2310 1479
2315 1483
2320 1486
2325 1489
2330 1493
2335 1496
2340 1499
2345 1503
2350 1506
2355 1509
2360 1512
2365 1516
2370 1519
2375 1522
2380 1526
2385 1529
2390 1532
2395 1536
2400 1539
2405 1542
2410 1545
2415 1549
2420 1552
2425 1555
2430 1559
2435 1562
2440 1565
2445 1569
2450 1572
2455 1575
2460 1579
2465 1582
2470 1585
2475 1588
2480 1592
2485 1595
2490 1598
2495 1602
2500 1605
2505 1608
2510 1612
2515 1615
2520 1618
2525 1621
2530 1625
2535 1628
2540 1631
2545 1635
2550 1638
2555 1641
2560 1645
2565 1648
2570 1651
2575 1655
2580 1658
2585 1661
2590 1664
2595 1668
2600 1671
2605 1674
2610 1677
2615 1681
2620 1684
2625 1687
2630 1691
2635 1694
2640 1697
2645 1701
2650 1704
2655 1707
2660 1710
2665 1714
2670 1717
2675 1720
2680 1724
2685 1727
2690 1730
2695 1734
2700 1737
2705 1740
2710 1743
2715 1747
2720 1750
2725 1753
2730 1757
2735 1760
2740 1763
2745 1767
2750 1770
2755 1773
2760 1776
2765 1780
2770 1783
2775 1786
2780 1790
2785 1793
2790 1796
2795 1799
2800 1803
2805 1806
2810 1809
2815 1813
2820 1816
2825 1819
2830 1823
2835 1826
2840 1829
2845 1833
2850 1836
2855 1839
2860 1842
2865 1846
2870 1849
2875 1852
2880 1856
2885 1859
2890 1862
2895 1866
2900 1869
2905 1872
2910 1875
2915 1879
2920 1882
2925 1885
2930 1889
2935 1892
2940 1895
2945 1899
2950 1902
2955 1905
2960 1909
2965 1912
2970 1915
2975 1919
2980 1922
2985 1925
2990 1928
2995 1932
3000 1935
3005 1938
3010 1942
3015 1945
3020 1948
3025 1951
3030 1955
3035 1958
3040 1961
3045 1965
3050 1968
3055 1971
3060 1975
3065 1978
3070 1981
3075 1985
3080 1988
3085 1991
3090 1994
3095 1998
3100 2001
3105 2004
3110 2008
3115 2011
3120 2014
3125 2017
3130 2021
3135 2024
3140 2027
3145 2031
3150 2034
3155 2037
3160 2041
3165 2044
3170 2047
3175 2051
3180 2054
3185 2057
3190 2061
3195 2064
3200 2067
3205 2070
3210 2074
3215 2077
3220 2080
3225 2084
3230 2087
3235 2090
3240 2093
3245 2097
3250 2100
3255 2103
3260 2107
3265 2110
3270 2113
3275 2116
3280 2120
3285 2123
3290 2126
3295 2130
3300 2133
3305 2136
3310 2140
3315 2143
3320 2146
3325 2149
3330 2153
3335 2156
3340 2159
3345 2163
3350 2166
3355 2169
3360 2172
3365 2176
3370 2179
3375 2182
3380 2186
3385 2189
3390 2192
3395 2196
3400 2199
3405 2202
3410 2205
3415 2209
3420 2212
3425 2215
3430 2219
3435 2222
3440 2225
3445 2229
3450 2232
3455 2235
3460 2239
3465 2242
3470 2245
3475 2249
3480 2252
3485 2255
3490 2258
3495 2262
3500 2265
3505 2268
3510 2272
3515 2275
3520 2278
3525 2281
3530 2285
3535 2288
3540 2291
3545 2295
3550 2298
3555 2301
3560 2304
3565 2308
3570 2311
3575 2315
3580 2318
3585 2321
3590 2324
3595 2328
3600 2331
3605 2334
3610 2338
3615 2341
3620 2344
3625 2348
3630 2351
3635 2354
3640 2357
3645 2361
3650 2364
3655 2367
3660 2371
3665 2374
3670 2377
3675 2381
3680 2384
3685 2387
3690 2391
3695 2394
3700 2397
3705 2400
3710 2404
3715 2407
3720 2410
3725 2414
3730 2417
3735 2420
3740 2423
3745 2427
3750 2430
3755 2433
3760 2437
3765 2440
3770 2443
3775 2447
3780 2450
3785 2453
3790 2456
3795 2460
3800 2463
3805 2466
3810 2470
3815 2473
3820 2476
3825 2479
3830 2483
3835 2486
3840 2489
3845 2493
3850 2496
3855 2499
3860 2503
3865 2506
3870 2509
3875 2512
3880 2516
3885 2519
3890 2522
3895 2526
3900 2529
3905 2532
3910 2536
3915 2539
3920 2542
3925 2545
3930 2549
3935 2552
3940 2555
3945 2559
3950 2562
3955 2565
3960 2569
3965 2572
3970 2575
3975 2578
3980 2582
3985 2585
3990 2588
3995 2592
4000 2595
4005 2598
4010 2601
4015 2605
4020 2608
4025 2611
4030 2615
4035 2618
4040 2621
4045 2625
4050 2628
4055 2631
4060 2635
4065 2638
4070 2641
4075 2644
4080 2648
4085 2651
4090 2654
4095 2658
4100 2661
4105 2664
4110 2667
4115 2671
4120 2674
4125 2677
4130 2681
4135 2684
4140 2687
4145 2691
4150 2694
4155 2697
4160 2701
4165 2704
4170 2707
4175 2710
4180 2714
4185 2717
4190 2720
4195 2724
4200 2727
4205 2730
4210 2734
4215 2737
4220 2740
4225 2743
4230 2747
4235 2750
4240 2753
4245 2757
4250 2760
4255 2763
4260 2767
4265 2770
4270 2773
4275 2777
4280 2780
4285 2783
4290 2786
4295 2790
4300 2793
4305 2796
4310 2800
4315 2803
4320 2806
4325 2809
4330 2813
4335 2816
4340 2820
4345 2823
4350 2826
4355 2829
4360 2833
4365 2836
4370 2839
4375 2843
4380 2846
4385 2849
4390 2852
4395 2856
4400 2859
4405 2862
4410 2866
4415 2869
4420 2872
4425 2875
4430 2879
4435 2882
4440 2885
4445 2889
4450 2892
4455 2895
4460 2899
4465 2902
4470 2905
4475 2908
4480 2912
4485 2915
4490 2918
4495 2922
4500 2925
4505 2928
4510 2931
4515 2935
4520 2938
4525 2941
4530 2945
4535 2948
4540 2951
4545 2955
4550 2958
4555 2961
4560 2964
4565 2968
4570 2971
4575 2974
4580 2977
4585 2981
4590 2984
4595 2988
4600 2991
4605 2994
4610 2997
4615 3001
4620 3004
4625 3007
4630 3011
4635 3014
4640 3017
4645 3020
4650 3024
4655 3027
4660 3030
4665 3033
4670 3037
4675 3040
4680 3043
4685 3047
4690 3050
4695 3053
4700 3057
4705 3060
4710 3063
4715 3067
4720 3070
4725 3073
4730 3076
4735 3080
4740 3083
4745 3086
4750 3090
4755 3093
4760 3096
4765 3099
4770 3103
4775 3106
4780 3109
4785 3113
4790 3116
4795 3119
4800 3123
4805 3126
4810 3129
4815 3132
4820 3136
4825 3139
4830 3142
4835 3146
4840 3149
4845 3152
4850 3156
4855 3159
4860 3162
4865 3165
4870 3169
4875 3172
4880 3175
4885 3179
4890 3182
4895 3185
4900 3189
4905 3192
4910 3195
4915 3198
4920 3202
4925 3205
4930 3208
4935 3212
4940 3215
4945 3218
4950 3222
4955 3225
4960 3228
4965 3232
4970 3235
4975 3238
4980 3241
4985 3245
4990 3248
4995 3251
