10 0
15 0
20 0
25 1
30 1
35 2
40 3
45 4
50 5
55 6
60 7
65 9
70 10
75 11
80 13
85 15
90 16
95 18
100 20
105 21
110 23
115 25
120 27
125 29
130 31
135 33
140 35
145 37
150 39
155 41
160 43
165 45
170 47
175 49
180 51
185 53
190 55
195 58
200 60
205 62
210 64
215 66
220 68
225 70
230 72
235 75
240 77
245 79
250 81
255 83
260 85
265 88
270 90
275 92
280 94
285 96
290 98
295 101
300 103
305 105
310 107
315 109
320 112
325 114
330 116
335 118
340 120
345 122
350 125
355 127
360 129
365 131
370 133
375 136
380 138
385 140
390 142
395 144
400 147
405 149
410 151
415 153
420 155
425 158
430 160
435 162
440 164
445 166
450 168
455 171
460 173
465 175
470 177
475 179
480 182
485 184
490 186
495 188
500 190
505 193
510 195
515 197
520 199
525 201
530 204
535 206
540 208
545 210
550 212
555 214
560 217
565 219
570 221
575 223
580 226
585 228
590 230
595 232
600 234
605 236
610 239
615 241
620 243
625 245
630 247
635 250
640 252
645 254
650 256
655 258
660 261
665 263
670 265
675 267
680 269
685 271
690 274
695 276
700 278
705 280
710 282
715 285
720 287
725 289
730 291
735 293
740 296
745 298
750 300
755 302
760 304
765 307
770 309
775 311
780 313
785 315
790 317
795 320
800 322
805 324
810 326
815 328
820 331
825 333
830 335
835 337
840 339
845 342
850 344
855 346
860 348
865 350
870 352
875 355
880 357
885 359
890 361
895 363
900 366
905 368
910 370
915 372
920 374
925 376
930 379
935 381
940 383
945 385
950 387
955 390
960 392
965 394
970 396
975 398
980 401
985 403
990 405
995 407
1000 409
1005 411
1010 414
1015 416
1020 418
1025 420
1030 423
1035 425
1040 427
1045 429
1050 431
1055 433
1060 435
1065 438
1070 440
1075 442
1080 444
1085 447
1090 449
1095 451
1100 453
1105 455
1110 457
1115 460
1120 462
1125 464
1130 466
1135 469
1140 471
1145 473
1150 475
1155 477
1160 479
1165 482
1170 484
1175 486
1180 488
1185 490
1190 493
1195 495
1200 497
1205 499
1210 501
1215 503
1220 506
1225 508
1230 510
1235 512
1240 515
1245 517
1250 519
1255 521
1260 523
1265 525
1270 528
1275 530
1280 532
1285 534
1290 536
1295 539
1300 541
1305 543
1310 545
1315 547
1320 549
1325 552
1330 554
1335 556
1340 558
1345 561
1350 563
1355 565
1360 567
1365 569
1370 571
1375 573
1380 576
1385 578
1390 580
1395 582
1400 585
1405 587
1410 589
1415 591
1420 593
1425 595
1430 597
1435 600
1440 602
1445 604
1450 606
1455 609
1460 611
1465 613
1470 615
1475 617
1480 619
1485 622
1490 624
1495 626
1500 628
1505 630
1510 633
1515 635
1520 637
1525 639
1530 641
1535 643
1540 646
1545 648
1550 650
1555 652
1560 655
1565 657
1570 659
1575 661
1580 663
1585 665
1590 668
1595 670
1600 672
1605 674
1610 676
1615 679
1620 681
1625 683
1630 685
1635 687
1640 689
1645 692
1650 694
1655 696
1660 698
1665 700
1670 703
1675 705
1680 707
1685 709
1690 711
1695 714
1700 716
1705 718
1710 720
1715 722
1720 725
1725 727
1730 729
1735 731
1740 733
1745 736
1750 738
1755 740
1760 742
1765 744
1770 746
1775 749
1780 751
1785 753
1790 755
1795 757
1800 760
1805 762
1810 764
1815 766
1820 768
1825 771
1830 773
1835 775
1840 777
1845 779
1850 782
1855 784
1860 786
1865 788
1870 790
1875 792
1880 795
1885 797
1890 799
1895 801
1900 803
1905 806
1910 808
1915 810
1920 812
1925 814
1930 816
1935 819
1940 821
1945 823
1950 825
1955 828
1960 830
1965 832
1970 834
1975 836
1980 838
1985 841
1990 843
1995 845
2000 847
2005 849
2010 852
2015 854
2020 856
2025 858
2030 860
2035 862
2040 865
2045 867
2050 869
2055 871
2060 873
2065 876
2070 878
2075 880
2080 882
2085 884
2090 886
2095 889
2100 891
2105 893
2110 895
2115 897
2120 900
2125 902
2130 904
2135 906
2140 908
2145 911
2150 913
2155 915
2160 917
2165 919
2170 921
2175 924
2180 926
2185 928
2190 930
2195 932
2200 934
2205 937
2210 939
2215 941
2220 943
2225 945
2230 948
2235 950
2240 952
2245 954
2250 956
2255 959
2260 961
2265 963
2270 965
2275 967
2280 970
2285 972
2290 974
2295 976
2300 978
2305 980
2310 983
2315 985
2320 987
2325 989
2330 991
2335 994
2340 996
2345 998
2350 1000
2355 1002
2360 1005
2365 1007
2370 1009
2375 1011
2380 1013
2385 1016
2390 1018
2395 1020
2400 1022
2405 1024
2410 1027
2415 1029
2420 1031
2425 1033
2430 1035
2435 1038
2440 1040
2445 1042
2450 1044
2455 1046
2460 1048
2465 1051
2470 1053
2475 1055
2480 1057
2485 1059
2490 1062
2495 1064
2500 1066
2505 1068
2510 1070
2515 1073
2520 1075
2525 1077
2530 1079
2535 1081
2540 1084
2545 1086
2550 1088
2555 1090
2560 1092
2565 1094
2570 1097
2575 1099
2580 1101
2585 1103
2590 1105
2595 1108
2600 1110
2605 1112
2610 1114
2615 1116
2620 1118
2625 1121
2630 1123
2635 1125
2640 1127
2645 1129
2650 1132
2655 1134
2660 1136
2665 1138
2670 1140
2675 1142
2680 1145
2685 1147
2690 1149
2695 1151
2700 1153
2705 1156
2710 1158
2715 1160
2720 1162
2725 1164
2730 1167
2735 1169
2740 1171
2745 1173
2750 1175
2755 1177
2760 1180
2765 1182
2770 1184
2775 1186
2780 1189
2785 1191
2790 1193
2795 1195
2800 1197
2805 1199
2810 1201
2815 1204
2820 1206
2825 1208
2830 1210
2835 1213
2840 1215
2845 1217
2850 1219
2855 1221
2860 1223
2865 1225
2870 1228
2875 1230
2880 1232
2885 1234
2890 1237
2895 1239
2900 1241
2905 1243
2910 1245
2915 1247
2920 1249
2925 1252
2930 1254
2935 1256
2940 1258
2945 1261
2950 1263
2955 1265
2960 1267
2965 1269
2970 1271
2975 1274
2980 1276
2985 1278
2990 1280
2995 1282
3000 1285
3005 1287
3010 1289
3015 1291
3020 1293
3025 1295
3030 1298
3035 1300
3040 1302
3045 1304
3050 1307
3055 1309
3060 1311
3065 1313
3070 1315
3075 1317
3080 1320
3085 1322
3090 1324
3095 1326
3100 1328
3105 1331
3110 1333
3115 1335
3120 1337
3125 1339
3130 1341
3135 1344
3140 1346
3145 1348
3150 1350
3155 1353
3160 1355
3165 1357
3170 1359
3175 1361
3180 1363
3185 1366
3190 1368
3195 1370
3200 1372
3205 1375
3210 1377
3215 1379
3220 1381
3225 1383
3230 1385
3235 1387
3240 1390
3245 1392
3250 1394
3255 1396
3260 1398
3265 1401
3270 1403
3275 1405
3280 1407
3285 1409
3290 1412
3295 1414
3300 1416
3305 1418
3310 1420
3315 1423
3320 1425
3325 1427
3330 1429
3335 1431
3340 1433
3345 1436
3350 1438
3355 1440
3360 1442
3365 1444
3370 1447
3375 1449
3380 1451
3385 1453
3390 1455
3395 1457
3400 1460
3405 1462
3410 1464
3415 1466
3420 1468
3425 1471
3430 1473
3435 1475
3440 1477
3445 1479
3450 1481
3455 1484
3460 1486
3465 1488
3470 1490
3475 1492
3480 1495
3485 1497
3490 1499
3495 1501
3500 1503
3505 1505
3510 1508
3515 1510
3520 1512
3525 1514
3530 1517
3535 1519
3540 1521
3545 1523
3550 1525
3555 1527
3560 1530
3565 1532
3570 1534
3575 1536
3580 1538
3585 1541
3590 1543
3595 1545
3600 1547
3605 1549
3610 1551
3615 1554
3620 1556
3625 1558
3630 1560
3635 1562
3640 1565
3645 1567
3650 1569
3655 1571
3660 1573
3665 1575
3670 1578
3675 1580
3680 1582
3685 1584
3690 1587
3695 1589
3700 1591
3705 1593
3710 1595
3715 1597
3720 1600
3725 1602
3730 1604
3735 1606
3740 1608
3745 1611
3750 1613
3755 1615
3760 1617
3765 1619
3770 1622
3775 1624
3780 1626
3785 1628
3790 1630
3795 1632
3800 1635
3805 1637
3810 1639
3815 1641
3820 1643
3825 1646
3830 1648
3835 1650
3840 1652
3845 1654
3850 1657
3855 1659
3860 1661
3865 1663
3870 1665
3875 1668
3880 1670
3885 1672
3890 1674
3895 1676
3900 1678
3905 1681
3910 1683
3915 1685
3920 1687
3925 1689
3930 1692
3935 1694
3940 1696
3945 1698
3950 1700
3955 1703
3960 1705
3965 1707
3970 1709
3975 1711
3980 1713
3985 1716
3990 1718
3995 1720
4000 1722
4005 1724
4010 1727
4015 1729
4020 1731
4025 1733
4030 1735
4035 1737
4040 1740
4045 1742
4050 1744
4055 1746
4060 1748
4065 1751
4070 1753
4075 1755
4080 1757
4085 1759
4090 1762
4095 1764
4100 1766
4105 1768
4110 1770
4115 1772
4120 1775
4125 1777
4130 1779
4135 1781
4140 1783
4145 1786
4150 1788
4155 1790
4160 1792
4165 1794
4170 1796
4175 1799
4180 1801
4185 1803
4190 1805
4195 1807
4200 1810
4205 1812
4210 1814
4215 1816
4220 1818
4225 1821
4230 1823
4235 1825
4240 1827
4245 1829
4250 1831
4255 1834
4260 1836
4265 1838
4270 1840
4275 1842
4280 1845
4285 1847
4290 1849
4295 1851
4300 1853
4305 1856
4310 1858
4315 1860
4320 1862
4325 1864
4330 1866
4335 1869
4340 1871
4345 1873
4350 1875
4355 1878
4360 1880
4365 1882
4370 1884
4375 1886
4380 1888
4385 1891
4390 1893
4395 1895
4400 1897
4405 1899
4410 1902
4415 1904
4420 1906
4425 1908
4430 1910
4435 1912
4440 1915
4445 1917
4450 1919
4455 1921
4460 1923
4465 1926
4470 1928
4475 1930
4480 1932
4485 1934
4490 1937
4495 1939
4500 1941
4505 1943
4510 1945
4515 1948
4520 1950
4525 1952
4530 1954
4535 1956
4540 1958
4545 1961
4550 1963
4555 1965
4560 1967
4565 1969
4570 1972
4575 1974
4580 1976
4585 1978
4590 1980
4595 1983
4600 1985
4605 1987
4610 1989
4615 1991
4620 1993
4625 1996
4630 1998
4635 2000
4640 2002
4645 2004
4650 2007
4655 2009
4660 2011
4665 2013
4670 2015
4675 2017
4680 2020
4685 2022
4690 2024
4695 2026
4700 2028
4705 2031
4710 2033
4715 2035
4720 2037
4725 2039
4730 2041
4735 2044
4740 2046
4745 2048
4750 2050
4755 2052
4760 2055
4765 2057
4770 2059
4775 2061
4780 2063
4785 2065
4790 2068
4795 2070
4800 2072
4805 2074
4810 2076
4815 2079
4820 2081
4825 2083
4830 2085
4835 2087
4840 2089
4845 2092
4850 2094
4855 2096
4860 2098
4865 2100
4870 2103
4875 2105
4880 2107
4885 2109
4890 2111
4895 2113
4900 2116
4905 2118
4910 2120
4915 2122
4920 2125
4925 2127
4930 2129
4935 2131
4940 2133
4945 2135
4950 2138
4955 2140
4960 2142
4965 2144
4970 2146
4975 2149
4980 2151
4985 2153
4990 2155
4995 2157
