10 0
15 0
20 0
25 0
30 1
35 2
40 3
45 5
50 6
55 8
60 10
65 12
70 14
75 16
80 18
85 20
90 23
95 25
100 28
105 30
110 33
115 36
120 39
125 41
130 44
135 47
140 50
145 53
150 56
155 59
160 62
165 65
170 68
175 71
180 74
185 77
190 81
195 84
200 87
205 90
210 93
215 96
220 99
225 103
230 106
235 109
240 112
245 115
250 119
255 122
260 125
265 129
270 132
275 135
280 138
285 141
290 145
295 148
300 151
305 155
310 158
315 161
320 164
325 167
330 171
335 174
340 177
345 181
350 184
355 187
360 190
365 194
370 197
375 200
380 204
385 207
390 210
395 213
400 217
405 220
410 223
415 227
420 230
425 233
430 237
435 240
440 243
445 247
450 250
455 253
460 256
465 260
470 263
475 266
480 270
485 273
490 276
495 279
500 283
505 286
510 289
515 293
520 296
525 299
530 303
535 306
540 309
545 313
550 316
555 319
560 322
565 326
570 329
575 332
580 336
585 339
590 342
595 345
600 349
605 352
610 355
615 359
620 362
625 365
630 369
635 372
640 375
645 378
650 382
655 385
660 388
665 391
670 395
675 398
680 402
685 405
690 408
695 411
700 415
705 418
710 421
715 425
720 428
725 431
730 434
735 438
740 441
745 444
750 448
755 451
760 454
765 457
770 461
775 464
780 467
785 471
790 474
795 477
800 481
805 484
810 487
815 491
820 494
825 497
830 500
835 504
840 507
845 510
850 514
855 517
860 520
865 523
870 527
875 530
880 533
885 537
890 540
895 543
900 546
905 550
910 553
915 556
920 560
925 563
930 566
935 569
940 573
945 576
950 579
955 583
960 586
965 589
970 592
975 596
980 599
985 602
990 606
995 609
1000 612
1005 616
1010 619
1015 622
1020 625
1025 629
1030 632
1035 635
1040 639
1045 642
1050 645
1055 649
1060 652
1065 655
1070 659
1075 662
1080 665
1085 668
1090 672
1095 675
1100 678
1105 682
1110 685
1115 688
1120 691
1125 695
1130 698
1135 701
1140 705
1145 708
1150 711
1155 715
1160 718
1165 721
1170 725
1175 728
1180 731
1185 734
1190 738
1195 741
1200 744
1205 748
1210 751
1215 754
1220 758
1225 761
1230 764
1235 767
1240 771
1245 774
1250 777
1255 781
1260 784
1265 787
1270 791
1275 794
1280 797
1285 801
1290 804
1295 807
1300 810
1305 814
1310 817
1315 820
1320 823
1325 827
1330 830
1335 833
1340 837
1345 840
1350 843
1355 847
1360 850
1365 853
1370 856
1375 860
1380 863
1385 866
1390 870
1395 873
1400 876
1405 879
1410 883
1415 886
1420 889
1425 893
1430 896
1435 899
1440 903
1445 906
1450 909
1455 912
1460 916
1465 919
1470 922
1475 926
1480 929
1485 932
1490 935
1495 939
1500 942
1505 945
1510 949
1515 952
1520 955
1525 958
1530 962
1535 965
1540 968
1545 972
1550 975
1555 978
1560 982
1565 985
1570 988
1575 991
1580 995
1585 998
1590 1001
1595 1005
1600 1008
1605 1011
1610 1015
1615 1018
1620 1021
1625 1025
1630 1028
1635 1031
1640 1034
1645 1038
1650 1041
1655 1044
1660 1047
1665 1051
1670 1054
1675 1057
1680 1061
1685 1064
1690 1067
1695 1071
1700 1074
1705 1077
1710 1081
1715 1084
1720 1087
1725 1090
1730 1094
1735 1097
1740 1100
1745 1103
1750 1107
1755 1110
1760 1114
1765 1117
1770 1120
1775 1123
1780 1127
1785 1130
1790 1133
1795 1137
1800 1140
1805 1143
1810 1146
1815 1150
1820 1153
1825 1156
1830 1160
1835 1163
1840 1166
1845 1169
1850 1173
1855 1176
1860 1179
1865 1183
1870 1186
1875 1189
1880 1193
1885 1196
1890 1199
1895 1202
1900 1206
1905 1209
1910 1213
1915 1216
1920 1219
1925 1222
1930 1226
1935 1229
1940 1232
1945 1235
1950 1239
1955 1242
1960 1245
1965 1249
1970 1252
1975 1255
1980 1259
1985 1262
1990 1265
1995 1268
2000 1272
2005 1275
2010 1278
2015 1282
2020 1285
2025 1288
2030 1291
2035 1295
2040 1298
2045 1301
2050 1305
2055 1308
2060 1311
2065 1314
2070 1318
2075 1321
2080 1324
2085 1328
2090 1331
2095 1334
2100 1338
2105 1341
2110 1344
2115 1347
2120 1351
2125 1354
2130 1357
2135 1361
2140 1364
2145 1367
2150 1371
2155 1374
2160 1377
2165 1380
2170 1384
2175 1387
2180 1390
2185 1394
2190 1397
2195 1400
2200 1403
2205 1407
2210 1410
2215 1413
2220 1417
2225 1420
2230 1423
2235 1427
2240 1430
2245 1433
2250 1436
2255 1440
2260 1443
2265 1446
2270 1450
2275 1453
2280 1456
2285 1459
2290 1463
2295 1466
2300 1469
2305 1473
2310 1476
2315 1479
2320 1483
2325 1486
2330 1489
2335 1493
2340 1496
2345 1499
2350 1502
2355 1506
2360 1509
2365 1512
2370 1516
2375 1519
2380 1522
2385 1526
2390 1529
2395 1532
2400 1535
2405 1539
2410 1542
2415 1545
2420 1549
2425 1552
2430 1555
2435 1558
2440 1562
2445 1565
2450 1568
2455 1572
2460 1575
2465 1578
2470 1581
2475 1585
2480 1588
2485 1591
2490 1595
2495 1598
2500 1601
2505 1605
2510 1608
2515 1611
2520 1615
2525 1618
2530 1621
2535 1624
2540 1628
2545 1631
2550 1634
2555 1638
2560 1641
2565 1644
2570 1647
2575 1651
2580 1654
2585 1657
2590 1661
2595 1664
2600 1667
2605 1671
2610 1674
2615 1677
2620 1680
2625 1684
2630 1687
2635 1690
2640 1694
2645 1697
2650 1700
2655 1703
2660 1707
2665 1710
2670 1713
2675 1717
2680 1720
2685 1723
2690 1726
2695 1730
2700 1733
2705 1736
2710 1740
2715 1743
2720 1746
2725 1749
2730 1753
2735 1756
2740 1759
2745 1763
2750 1766
2755 1769
2760 1773
2765 1776
2770 1779
2775 1782
2780 1786
2785 1789
2790 1792
2795 1796
2800 1799
2805 1802
2810 1805
2815 1809
2820 1812
2825 1815
2830 1819
2835 1822
2840 1825
2845 1829
2850 1832
2855 1835
2860 1838
2865 1842
2870 1845
2875 1848
2880 1852
2885 1855
2890 1858
2895 1861
2900 1865
2905 1868
2910 1871
2915 1875
2920 1878
2925 1881
2930 1885
2935 1888
2940 1891
2945 1894
2950 1898
2955 1901
2960 1904
2965 1908
2970 1911
2975 1914
2980 1917
2985 1921
2990 1924
2995 1927
3000 1931
3005 1934
3010 1937
3015 1941
3020 1944
3025 1947
3030 1950
3035 1954
3040 1957
3045 1960
3050 1963
3055 1967
3060 1970
3065 1973
3070 1977
3075 1980
3080 1983
3085 1987
3090 1990
3095 1993
3100 1997
3105 2000
3110 2003
3115 2006
3120 2010
3125 2013
3130 2016
3135 2020
3140 2023
3145 2026
3150 2029
3155 2033
3160 2036
3165 2039
3170 2043
3175 2046
3180 2049
3185 2053
3190 2056
3195 2059
3200 2062
3205 2066
3210 2069
3215 2072
3220 2076
3225 2079
3230 2082
3235 2085
3240 2089
3245 2092
3250 2095
3255 2099
3260 2102
3265 2105
3270 2108
3275 2112
3280 2115
3285 2118
3290 2122
3295 2125
3300 2128
3305 2131
3310 2135
3315 2138
3320 2142
3325 2145
3330 2148
3335 2151
3340 2155
3345 2158
3350 2161
3355 2164
3360 2168
3365 2171
3370 2174
3375 2178
3380 2181
3385 2184
3390 2187
3395 2191
3400 2194
3405 2197
3410 2201
3415 2204
3420 2207
3425 2210
3430 2214
3435 2217
3440 2221
3445 2224
3450 2227
3455 2230
3460 2234
3465 2237
3470 2240
3475 2243
3480 2247
3485 2250
3490 2253
3495 2257
3500 2260
3505 2263
3510 2267
3515 2270
3520 2273
3525 2276
3530 2280
3535 2283
3540 2286
3545 2290
3550 2293
3555 2296
3560 2299
3565 2303
3570 2306
3575 2309
3580 2313
3585 2316
3590 2319
3595 2323
3600 2326
3605 2329
3610 2332
3615 2336
3620 2339
3625 2342
3630 2346
3635 2349
3640 2352
3645 2355
3650 2359
3655 2362
3660 2365
3665 2369
3670 2372
3675 2375
3680 2378
3685 2382
3690 2385
3695 2389
3700 2392
3705 2395
3710 2398
3715 2401
3720 2405
3725 2408
3730 2412
3735 2415
3740 2418
3745 2421
3750 2425
3755 2428
3760 2431
3765 2435
3770 2438
3775 2441
3780 2444
3785 2448
3790 2451
3795 2454
3800 2458
3805 2461
3810 2464
3815 2467
3820 2471
3825 2474
3830 2477
3835 2481
3840 2484
3845 2487
3850 2491
3855 2494
3860 2497
3865 2500
3870 2504
3875 2507
3880 2510
3885 2514
3890 2517
3895 2520
3900 2523
3905 2527
3910 2530
3915 2533
3920 2537
3925 2540
3930 2543
3935 2547
3940 2550
3945 2553
3950 2556
3955 2560
3960 2563
3965 2566
3970 2570
3975 2573
3980 2576
3985 2579
3990 2583
3995 2586
4000 2589
4005 2593
4010 2596
4015 2599
4020 2603
4025 2606
4030 2609
4035 2612
4040 2616
4045 2619
4050 2622
4055 2626
4060 2629
4065 2632
4070 2635
4075 2639
4080 2642
4085 2645
4090 2649
4095 2652
4100 2655
4105 2658
4110 2662
4115 2665
4120 2668
4125 2672
4130 2675
4135 2678
4140 2681
4145 2685
4150 2688
4155 2691
4160 2695
4165 2698
4170 2701
4175 2705
4180 2708
4185 2711
4190 2714
4195 2718
4200 2721
4205 2724
4210 2728
4215 2731
4220 2734
4225 2737
4230 2741
4235 2744
4240 2747
4245 2751
4250 2754
4255 2757
4260 2760
4265 2764
4270 2767
4275 2770
4280 2774
4285 2777
4290 2780
4295 2783
4300 2787
4305 2790
4310 2793
4315 2797
4320 2800
4325 2803
4330 2807
4335 2810
4340 2813
4345 2817
4350 2820
4355 2823
4360 2826
4365 2830
4370 2833
4375 2836
4380 2840
4385 2843
4390 2846
4395 2849
4400 2853
4405 2856
4410 2859
4415 2863
4420 2866
4425 2869
4430 2872
4435 2876
4440 2879
4445 2882
4450 2886
4455 2889
4460 2892
4465 2896
4470 2899
4475 2902
4480 2905
4485 2909
4490 2912
4495 2915
4500 2919
4505 2922
4510 2925
4515 2929
4520 2932
4525 2935
4530 2938
4535 2942
4540 2945
4545 2948
4550 2952
4555 2955
4560 2958
4565 2961
4570 2965
4575 2968
4580 2971
4585 2975
4590 2978
4595 2981
4600 2985
4605 2988
4610 2991
4615 2994
4620 2998
4625 3001
4630 3004
4635 3007
4640 3011
4645 3014
4650 3017
4655 3021
4660 3024
4665 3027
4670 3031
4675 3034
4680 3037
4685 3040
4690 3043
4695 3047
4700 3050
4705 3053
4710 3057
4715 3060
4720 3063
4725 3067
4730 3070
4735 3073
4740 3077
4745 3080
4750 3083
4755 3086
4760 3090
4765 3093
4770 3096
4775 3099
4780 3103
4785 3106
4790 3109
4795 3113
4800 3116
4805 3119
4810 3123
4815 3126
4820 3129
4825 3133
4830 3136
4835 3139
4840 3142
4845 3146
4850 3149
4855 3152
4860 3155
4865 3159
4870 3162
4875 3165
4880 3169
4885 3172
4890 3175
4895 3179
4900 3182
4905 3185
4910 3188
4915 3192
4920 3195
4925 3198
4930 3202
4935 3205
4940 3208
4945 3211
4950 3215
4955 3218
4960 3221
4965 3225
4970 3228
4975 3231
4980 3235
4985 3238
4990 3241
4995 3245
