10 0
15 0
20 0
25 0
30 0
35 1
40 1
45 2
50 2
55 3
60 3
65 4
70 5
75 6
80 6
85 7
90 8
95 9
100 10
105 11
110 12
115 13
120 14
125 15
130 16
135 17
140 17
145 19
150 19
155 20
160 21
165 23
170 23
175 25
180 26
185 27
190 28
195 29
200 30
205 31
210 32
215 33
220 34
225 35
230 36
235 37
240 38
245 39
250 40
255 41
260 42
265 43
270 44
275 45
280 47
285 48
290 49
295 50
300 51
305 52
310 53
315 54
320 55
325 56
330 57
335 58
340 59
345 60
350 61
355 63
360 64
365 65
370 66
375 67
380 68
385 69
390 70
395 71
400 72
405 73
410 74
415 75
420 76
425 77
430 78
435 79
440 81
445 82
450 83
455 84
460 85
465 86
470 87
475 88
480 89
485 90
490 91
495 92
500 93
505 94
510 95
515 97
520 98
525 99
530 100
535 101
540 102
545 103
550 104
555 105
560 106
565 107
570 108
575 109
580 110
585 111
590 113
595 114
600 115
605 116
610 117
615 118
620 119
625 120
630 121
635 122
640 123
645 124
650 125
655 126
660 127
665 129
670 130
675 131
680 132
685 133
690 134
695 135
700 136
705 137
710 138
715 139
720 140
725 141
730 142
735 143
740 144
745 145
750 147
755 148
760 149
765 150
770 151
775 152
780 153
785 154
790 155
795 156
800 157
805 158
810 159
815 160
820 161
825 163
830 163
835 165
840 166
845 167
850 168
855 169
860 170
865 171
870 172
875 173
880 174
885 175
890 176
895 177
900 178
905 179
910 181
915 182
920 183
925 184
930 185
935 186
940 187
945 188
950 189
955 190
960 191
965 192
970 193
975 194
980 195
985 196
990 197
995 199
1000 200
1005 201
1010 202
1015 203
1020 204
1025 205
1030 206
1035 207
1040 208
1045 209
1050 210
1055 211
1060 212
1065 213
1070 215
1075 216
1080 217
1085 218
1090 219
1095 220
1100 221
1105 222
1110 223
1115 224
1120 225
1125 226
1130 227
1135 228
1140 229
1145 231
1150 232
1155 233
1160 234
1165 235
1170 236
1175 237
1180 238
1185 239
1190 240
1195 241
1200 242
1205 243
1210 244
1215 245
1220 246
1225 247
1230 249
1235 250
1240 251
1245 252
1250 253
1255 254
1260 255
1265 256
1270 257
1275 258
1280 259
1285 260
1290 261
1295 262
1300 263
1305 265
1310 266
1315 267
1320 268
1325 269
1330 270
1335 271
1340 272
1345 273
1350 274
1355 275
1360 276
1365 277
1370 278
1375 279
1380 281
1385 282
1390 283
1395 284
1400 285
1405 286
1410 287
1415 288
1420 289
1425 290
1430 291
1435 292
1440 293
1445 294
1450 295
1455 297
1460 297
1465 299
1470 300
1475 301
1480 302
1485 303
1490 304
1495 305
1500 306
1505 307
1510 308
1515 309
1520 310
1525 311
1530 312
1535 313
1540 315
1545 316
1550 317
1555 318
1560 319
1565 320
1570 321
1575 322
1580 323
1585 324
1590 325
1595 326
1600 327
1605 328
1610 329
1615 331
1620 332
1625 333
1630 334
1635 335
1640 336
1645 337
1650 338
1655 339
1660 340
1665 341
1670 342
1675 343
1680 344
1685 345
1690 347
1695 348
1700 349
1705 350
1710 351
1715 352
1720 353
1725 354
1730 355
1735 356
1740 357
1745 358
1750 359
1755 360
1760 361
1765 362
1770 363
1775 365
1780 366
1785 367
1790 368
1795 369
1800 370
1805 371
1810 372
1815 373
1820 374
1825 375
1830 376
1835 377
1840 379
1845 380
1850 381
1855 382
1860 383
1865 384
1870 385
1875 386
1880 387
1885 388
1890 389
1895 390
1900 391
1905 392
1910 393
1915 395
1920 396
1925 397
1930 398
1935 399
1940 400
1945 401
1950 402
1955 403
1960 404
1965 405
1970 406
1975 407
1980 408
1985 409
1990 410
1995 411
2000 413
2005 414
2010 415
2015 416
2020 417
2025 418
2030 419
2035 420
2040 421
2045 422
2050 423
2055 424
2060 425
2065 426
2070 427
2075 429
2080 430
2085 431
2090 432
2095 433
2100 434
2105 435
2110 436
2115 437
2120 438
2125 439
2130 440
2135 441
2140 442
2145 443
2150 445
2155 446
2160 447
2165 448
2170 449
2175 450
2180 451
2185 452
2190 453
2195 454
2200 455
2205 456
2210 457
2215 458
2220 459
2225 460
2230 461
2235 463
2240 463
2245 465
2250 466
2255 467
2260 468
2265 469
2270 470
2275 471
2280 472
2285 473
2290 474
2295 475
2300 476
2305 477
2310 478
2315 479
2320 481
2325 482
2330 483
2335 484
2340 485
2345 486
2350 487
2355 488
2360 489
2365 490
2370 491
2375 492
2380 493
2385 494
2390 496
2395 497
2400 498
2405 499
2410 500
2415 501
2420 502
2425 503
2430 504
2435 505
2440 506
2445 507
2450 508
2455 509
2460 510
2465 512
2470 513
2475 514
2480 515
2485 516
2490 517
2495 518
2500 519
2505 520
2510 521
2515 522
2520 523
2525 524
2530 525
2535 526
2540 527
2545 529
2550 530
2555 531
2560 532
2565 533
2570 534
2575 535
2580 536
2585 537
2590 538
2595 539
2600 540
2605 541
2610 542
2615 544
2620 545
2625 546
2630 547
2635 548
2640 549
2645 550
2650 551
2655 552
2660 553
2665 554
2670 555
2675 556
2680 557
2685 558
2690 559
2695 561
2700 562
2705 563
2710 564
2715 565
2720 566
2725 567
2730 568
2735 569
2740 570
2745 571
2750 572
2755 573
2760 574
2765 575
2770 576
2775 577
2780 579
2785 580
2790 581
2795 582
2800 583
2805 584
2810 585
2815 586
2820 587
2825 588
2830 589
2835 590
2840 591
2845 592
2850 594
2855 595
2860 596
2865 597
2870 598
2875 599
2880 600
2885 601
2890 602
2895 603
2900 604
2905 605
2910 606
2915 607
2920 609
2925 610
2930 611
2935 612
2940 613
2945 614
2950 615
2955 616
2960 617
2965 618
2970 619
2975 620
2980 621
2985 622
2990 623
2995 624
3000 625
3005 627
3010 628
3015 629
3020 630
3025 631
3030 632
3035 633
3040 634
3045 635
3050 636
3055 637
3060 638
3065 639
3070 640
3075 642
3080 643
3085 644
3090 645
3095 646
3100 647
3105 648
3110 649
3115 650
3120 651
3125 652
3130 653
3135 654
3140 655
3145 656
3150 657
3155 659
3160 660
3165 661
3170 662
3175 663
3180 664
3185 665
3190 666
3195 667
3200 668
3205 669
3210 670
3215 671
3220 672
3225 673
3230 674
3235 676
3240 677
3245 678
3250 679
3255 680
3260 681
3265 682
3270 683
3275 684
3280 685
3285 686
3290 687
3295 688
3300 689
3305 691
3310 692
3315 693
3320 694
3325 695
3330 696
3335 697
3340 698
3345 699
3350 700
3355 701
3360 702
3365 703
3370 704
3375 705
3380 707
3385 708
3390 709
3395 710
3400 711
3405 712
3410 713
3415 714
3420 715
3425 716
3430 717
3435 718
3440 719
3445 720
3450 721
3455 722
3460 723
3465 725
3470 726
3475 727
3480 728
3485 729
3490 730
3495 731
3500 732
3505 733
3510 734
3515 735
3520 736
3525 737
3530 738
3535 739
3540 740
3545 742
3550 743
3555 744
3560 745
3565 746
3570 747
3575 748
3580 749
3585 750
3590 751
3595 752
3600 753
3605 754
3610 755
3615 757
3620 758
3625 759
3630 760
3635 761
3640 762
3645 763
3650 764
3655 765
3660 766
3665 767
3670 768
3675 769
3680 770
3685 771
3690 772
3695 774
3700 775
3705 776
3710 777
3715 778
3720 779
3725 780
3730 781
3735 782
3740 783
3745 784
3750 785
3755 786
3760 787
3765 789
3770 790
3775 791
3780 792
3785 793
3790 794
3795 795
3800 796
3805 797
3810 798
3815 799
3820 800
3825 801
3830 802
3835 803
3840 805
3845 806
3850 807
3855 808
3860 809
3865 810
3870 811
3875 812
3880 813
3885 814
3890 815
3895 816
3900 817
3905 818
3910 819
3915 820
3920 821
3925 823
3930 824
3935 825
3940 826
3945 827
3950 828
3955 829
3960 830
3965 831
3970 832
3975 833
3980 834
3985 835
3990 836
3995 837
4000 839
4005 840
4010 841
4015 842
4020 843
4025 844
4030 845
4035 846
4040 847
4045 848
4050 849
4055 850
4060 851
4065 852
4070 853
4075 855
4080 856
4085 857
4090 858
4095 859
4100 860
4105 861
4110 862
4115 863
4120 864
4125 865
4130 866
4135 867
4140 868
4145 869
4150 871
4155 872
4160 873
4165 874
4170 875
4175 876
4180 877
4185 878
4190 879
4195 880
4200 881
4205 882
4210 883
4215 884
4220 885
4225 886
4230 887
4235 889
4240 890
4245 891
4250 892
4255 893
4260 894
4265 895
4270 896
4275 897
4280 898
4285 899
4290 900
4295 901
4300 903
4305 904
4310 905
4315 906
4320 907
4325 908
4330 909
4335 910
4340 911
4345 912
4350 913
4355 914
4360 915
4365 916
4370 917
4375 918
4380 919
4385 921
4390 922
4395 923
4400 924
4405 925
4410 926
4415 927
4420 928
4425 929
4430 930
4435 931
4440 932
4445 933
4450 934
4455 935
4460 937
4465 938
4470 939
4475 940
4480 941
4485 942
4490 943
4495 944
4500 945
4505 946
4510 947
4515 948
4520 949
4525 950
4530 952
4535 953
4540 954
4545 955
4550 956
4555 957
4560 958
4565 959
4570 960
4575 961
4580 962
4585 963
4590 964
4595 965
4600 966
4605 967
4610 969
4615 970
4620 971
4625 972
4630 973
4635 974
4640 975
4645 976
4650 977
4655 978
4660 979
4665 980
4670 981
4675 982
4680 983
4685 984
4690 985
4695 987
4700 988
4705 989
4710 990
4715 991
4720 992
4725 993
4730 994
4735 995
4740 996
4745 997
4750 998
4755 999
4760 1000
4765 1002
4770 1003
4775 1004
4780 1005
4785 1006
4790 1007
4795 1008
4800 1009
4805 1010
4810 1011
4815 1012
4820 1013
4825 1014
4830 1015
4835 1016
4840 1017
4845 1019
4850 1020
4855 1021
4860 1022
4865 1023
4870 1024
4875 1025
4880 1026
4885 1027
4890 1028
4895 1029
4900 1030
4905 1031
4910 1032
4915 1033
4920 1034
4925 1036
4930 1037
4935 1038
4940 1039
4945 1040
4950 1041
4955 1042
4960 1043
4965 1044
4970 1045
4975 1046
4980 1047
4985 1048
4990 1049
4995 1051
