10 0
15 0
20 0
25 0
30 1
35 2
40 2
45 3
50 4
55 5
60 7
65 8
70 9
75 11
80 12
85 14
90 16
95 17
100 19
105 21
110 23
115 25
120 26
125 28
130 30
135 32
140 34
145 36
150 38
155 40
160 42
165 44
170 46
175 48
180 51
185 53
190 55
195 57
200 59
205 61
210 63
215 65
220 68
225 70
230 72
235 74
240 76
245 78
250 80
255 83
260 85
265 87
270 89
275 91
280 93
285 95
290 98
295 100
300 102
305 104
310 106
315 108
320 111
325 113
330 115
335 117
340 119
345 121
350 124
355 126
360 128
365 130
370 132
375 134
380 137
385 139
390 141
395 143
400 145
405 147
410 150
415 152
420 154
425 156
430 158
435 160
440 163
445 165
450 167
455 169
460 171
465 174
470 176
475 178
480 180
485 182
490 184
495 187
500 189
505 191
510 193
515 195
520 197
525 200
530 202
535 204
540 206
545 208
550 210
555 213
560 215
565 217
570 219
575 221
580 223
585 226
590 228
595 230
600 232
605 234
610 236
615 239
620 241
625 243
630 245
635 247
640 249
645 252
650 254
655 256
660 258
665 260
670 262
675 265
680 267
685 269
690 271
695 273
700 275
705 278
710 280
715 282
720 284
725 286
730 288
735 291
740 293
745 295
750 297
755 299
760 302
765 304
770 306
775 308
780 310
785 312
790 315
795 317
800 319
805 321
810 323
815 325
820 328
825 330
830 332
835 334
840 336
845 338
850 341
855 343
860 345
865 347
870 349
875 352
880 354
885 356
890 358
895 360
900 362
905 365
910 367
915 369
920 371
925 373
930 376
935 378
940 380
945 382
950 384
955 386
960 389
965 391
970 393
975 395
980 397
985 400
990 402
995 404
1000 406
1005 408
1010 410
1015 412
1020 415
1025 417
1030 419
1035 421
1040 423
1045 426
1050 428
1055 430
1060 432
1065 434
1070 436
1075 438
1080 441
1085 443
1090 445
1095 447
1100 449
1105 452
1110 454
1115 456
1120 458
1125 460
1130 462
1135 465
1140 467
1145 469
1150 471
1155 473
1160 475
1165 478
1170 480
1175 482
1180 484
1185 486
1190 488
1195 491
1200 493
1205 495
1210 497
1215 499
1220 501
1225 504
1230 506
1235 508
1240 510
1245 512
1250 514
1255 517
1260 519
1265 521
1270 523
1275 525
1280 527
1285 530
1290 532
1295 534
1300 536
1305 538
1310 540
1315 543
1320 545
1325 547
1330 549
1335 551
1340 553
1345 556
1350 558
1355 560
1360 562
1365 564
1370 567
1375 569
1380 571
1385 573
1390 575
1395 577
1400 580
1405 582
1410 584
1415 586
1420 588
1425 591
1430 593
1435 595
1440 597
1445 599
1450 601
1455 604
1460 606
1465 608
1470 610
1475 612
1480 614
1485 617
1490 619
1495 621
1500 623
1505 625
1510 628
1515 630
1520 632
1525 634
1530 636
1535 638
1540 641
1545 643
1550 645
1555 647
1560 649
1565 651
1570 654
1575 656
1580 658
1585 660
1590 662
1595 665
1600 667
1605 669
1610 671
1615 673
1620 675
1625 678
1630 680
1635 682
1640 684
1645 686
1650 689
1655 691
1660 693
1665 695
1670 697
1675 699
1680 702
1685 704
1690 706
1695 708
1700 710
1705 712
1710 715
1715 717
1720 719
1725 721
1730 723
1735 725
1740 728
1745 730
1750 732
1755 734
1760 736
1765 738
1770 741
1775 743
1780 745
1785 747
1790 749
1795 752
1800 754
1805 756
1810 758
1815 760
1820 762
1825 765
1830 767
1835 769
1840 771
1845 773
1850 775
1855 778
1860 780
1865 782
1870 784
1875 786
1880 788
1885 790
1890 793
1895 795
1900 797
1905 799
1910 801
1915 804
1920 806
1925 808
1930 810
1935 812
1940 814
1945 817
1950 819
1955 821
1960 823
1965 825
1970 828
1975 830
1980 832
1985 834
1990 836
1995 838
2000 841
2005 843
2010 845
2015 847
2020 849
2025 852
2030 854
2035 856
2040 858
2045 860
2050 862
2055 864
2060 867
2065 869
2070 871
2075 873
2080 876
2085 878
2090 880
2095 882
2100 884
2105 886
2110 888
2115 891
2120 893
2125 895
2130 897
2135 900
2140 902
2145 904
2150 906
2155 908
2160 910
2165 913
2170 915
2175 917
2180 919
2185 921
2190 924
2195 926
2200 928
2205 930
2210 932
2215 934
2220 937
2225 939
2230 941
2235 943
2240 945
2245 948
2250 950
2255 952
2260 954
2265 956
2270 958
2275 960
2280 963
2285 965
2290 967
2295 969
2300 972
2305 974
2310 976
2315 978
2320 980
2325 982
2330 984
2335 987
2340 989
2345 991
2350 993
2355 995
2360 998
2365 1000
2370 1002
2375 1004
2380 1006
2385 1008
2390 1010
2395 1013
2400 1015
2405 1017
2410 1019
2415 1022
2420 1024
2425 1026
2430 1028
2435 1030
2440 1032
2445 1034
2450 1037
2455 1039
2460 1041
2465 1043
2470 1045
2475 1048
2480 1050
2485 1052
2490 1054
2495 1056
2500 1058
2505 1060
2510 1063
2515 1065
2520 1067
2525 1069
2530 1071
2535 1074
2540 1076
2545 1078
2550 1080
2555 1082
2560 1084
2565 1087
2570 1089
2575 1091
2580 1093
2585 1095
2590 1098
2595 1100
2600 1102
2605 1104
2610 1106
2615 1108
2620 1110
2625 1113
2630 1115
2635 1117
2640 1119
2645 1121
2650 1124
2655 1126
2660 1128
2665 1130
2670 1132
2675 1134
2680 1137
2685 1139
2690 1141
2695 1143
2700 1145
2705 1148
2710 1150
2715 1152
2720 1154
2725 1156
2730 1158
2735 1161
2740 1163
2745 1165
2750 1167
2755 1169
2760 1172
2765 1174
2770 1176
2775 1178
2780 1180
2785 1182
2790 1185
2795 1187
2800 1189
2805 1191
2810 1193
2815 1195
2820 1198
2825 1200
2830 1202
2835 1204
2840 1206
2845 1209
2850 1211
2855 1213
2860 1215
2865 1217
2870 1219
2875 1222
2880 1224
2885 1226
2890 1228
2895 1230
2900 1232
2905 1235
2910 1237
2915 1239
2920 1241
2925 1243
2930 1246
2935 1248
2940 1250
2945 1252
2950 1254
2955 1256
2960 1259
2965 1261
2970 1263
2975 1265
2980 1267
2985 1269
2990 1272
2995 1274
3000 1276
3005 1278
3010 1280
3015 1282
3020 1285
3025 1287
3030 1289
3035 1291
3040 1293
3045 1296
3050 1298
3055 1300
3060 1302
3065 1304
3070 1306
3075 1308
3080 1311
3085 1313
3090 1315
3095 1317
3100 1319
3105 1322
3110 1324
3115 1326
3120 1328
3125 1330
3130 1332
3135 1335
3140 1337
3145 1339
3150 1341
3155 1343
3160 1345
3165 1348
3170 1350
3175 1352
3180 1354
3185 1356
3190 1358
3195 1361
3200 1363
3205 1365
3210 1367
3215 1369
3220 1372
3225 1374
3230 1376
3235 1378
3240 1380
3245 1382
3250 1385
3255 1387
3260 1389
3265 1391
3270 1393
3275 1395
3280 1398
3285 1400
3290 1402
3295 1404
3300 1406
3305 1409
3310 1411
3315 1413
3320 1415
3325 1417
3330 1419
3335 1422
3340 1424
3345 1426
3350 1428
3355 1430
3360 1432
3365 1435
3370 1437
3375 1439
3380 1441
3385 1443
3390 1445
3395 1448
3400 1450
3405 1452
3410 1454
3415 1456
3420 1459
3425 1461
3430 1463
3435 1465
3440 1467
3445 1469
3450 1472
3455 1474
3460 1476
3465 1478
3470 1480
3475 1483
3480 1485
3485 1487
3490 1489
3495 1491
3500 1493
3505 1496
3510 1498
3515 1500
3520 1502
3525 1504
3530 1507
3535 1509
3540 1511
3545 1513
3550 1515
3555 1517
3560 1519
3565 1522
3570 1524
3575 1526
3580 1528
3585 1530
3590 1533
3595 1535
3600 1537
3605 1539
3610 1541
3615 1543
3620 1546
3625 1548
3630 1550
3635 1552
3640 1554
3645 1556
3650 1559
3655 1561
3660 1563
3665 1565
3670 1567
3675 1569
3680 1572
3685 1574
3690 1576
3695 1578
3700 1580
3705 1583
3710 1585
3715 1587
3720 1589
3725 1591
3730 1593
3735 1596
3740 1598
3745 1600
3750 1602
3755 1604
3760 1606
3765 1609
3770 1611
3775 1613
3780 1615
3785 1617
3790 1619
3795 1622
3800 1624
3805 1626
3810 1628
3815 1630
3820 1632
3825 1635
3830 1637
3835 1639
3840 1641
3845 1643
3850 1645
3855 1648
3860 1650
3865 1652
3870 1654
3875 1656
3880 1658
3885 1661
3890 1663
3895 1665
3900 1667
3905 1669
3910 1672
3915 1674
3920 1676
3925 1678
3930 1680
3935 1682
3940 1684
3945 1687
3950 1689
3955 1691
3960 1693
3965 1696
3970 1698
3975 1700
3980 1702
3985 1704
3990 1706
3995 1708
4000 1711
4005 1713
4010 1715
4015 1717
4020 1719
4025 1722
4030 1724
4035 1726
4040 1728
4045 1730
4050 1732
4055 1735
4060 1737
4065 1739
4070 1741
4075 1743
4080 1746
4085 1748
4090 1750
4095 1752
4100 1754
4105 1756
4110 1758
4115 1761
4120 1763
4125 1765
4130 1767
4135 1769
4140 1772
4145 1774
4150 1776
4155 1778
4160 1780
4165 1782
4170 1785
4175 1787
4180 1789
4185 1791
4190 1793
4195 1795
4200 1798
4205 1800
4210 1802
4215 1804
4220 1806
4225 1808
4230 1811
4235 1813
4240 1815
4245 1817
4250 1819
4255 1822
4260 1824
4265 1826
4270 1828
4275 1830
4280 1832
4285 1835
4290 1837
4295 1839
4300 1841
4305 1843
4310 1845
4315 1848
4320 1850
4325 1852
4330 1854
4335 1856
4340 1858
4345 1861
4350 1863
4355 1865
4360 1867
4365 1869
4370 1871
4375 1874
4380 1876
4385 1878
4390 1880
4395 1882
4400 1884
4405 1887
4410 1889
4415 1891
4420 1893
4425 1895
4430 1897
4435 1900
4440 1902
4445 1904
4450 1906
4455 1908
4460 1910
4465 1913
4470 1915
4475 1917
4480 1919
4485 1921
4490 1923
4495 1926
4500 1928
4505 1930
4510 1932
4515 1934
4520 1937
4525 1939
4530 1941
4535 1943
4540 1945
4545 1947
4550 1950
4555 1952
4560 1954
4565 1956
4570 1958
4575 1960
4580 1963
4585 1965
4590 1967
4595 1969
4600 1971
4605 1973
4610 1976
4615 1978
4620 1980
4625 1982
4630 1984
4635 1987
4640 1989
4645 1991
4650 1993
4655 1995
4660 1997
4665 2000
4670 2002
4675 2004
4680 2006
4685 2008
4690 2010
4695 2013
4700 2015
4705 2017
4710 2019
4715 2021
4720 2024
4725 2026
4730 2028
4735 2030
4740 2032
4745 2034
4750 2037
4755 2039
4760 2041
4765 2043
4770 2045
4775 2047
4780 2050
4785 2052
4790 2054
4795 2056
4800 2058
4805 2060
4810 2063
4815 2065
4820 2067
4825 2069
4830 2071
4835 2073
4840 2076
4845 2078
4850 2080
4855 2082
4860 2084
4865 2086
4870 2089
4875 2091
4880 2093
4885 2095
4890 2097
4895 2100
4900 2102
4905 2104
4910 2106
4915 2108
4920 2110
4925 2113
4930 2115
4935 2117
4940 2119
4945 2121
4950 2123
4955 2126
4960 2128
4965 2130
4970 2132
4975 2134
4980 2136
4985 2139
4990 2141
4995 2143
