10 0
15 0
20 1
25 1
30 2
35 3
40 5
45 7
50 8
55 11
60 13
65 15
70 18
75 21
80 24
85 27
90 30
95 33
100 37
105 40
110 44
115 47
120 51
125 55
130 58
135 62
140 66
145 70
150 74
155 78
160 82
165 86
170 90
175 94
180 98
185 102
190 107
195 111
200 115
205 119
210 123
215 128
220 132
225 136
230 141
235 145
240 149
245 153
250 158
255 162
260 166
265 171
270 175
275 179
280 184
285 188
290 193
295 197
300 201
305 206
310 210
315 215
320 219
325 223
330 228
335 232
340 237
345 241
350 245
355 250
360 254
365 259
370 263
375 267
380 272
385 276
390 281
395 285
400 290
405 294
410 298
415 303
420 307
425 312
430 316
435 321
440 325
445 330
450 334
455 338
460 343
465 347
470 352
475 356
480 361
485 365
490 369
495 374
500 378
505 383
510 387
515 392
520 396
525 401
530 405
535 409
540 414
545 418
550 423
555 427
560 432
565 436
570 441
575 445
580 449
585 454
590 458
595 463
600 467
605 472
610 476
615 480
620 485
625 489
630 494
635 498
640 503
645 507
650 512
655 516
660 521
665 525
670 529
675 534
680 538
685 543
690 547
695 551
700 556
705 560
710 565
715 569
720 574
725 578
730 583
735 587
740 591
745 596
750 600
755 605
760 609
765 614
770 618
775 623
780 627
785 631
790 636
795 640
800 645
805 649
810 654
815 658
820 663
825 667
830 671
835 676
840 680
845 685
850 689
855 694
860 698
865 702
870 707
875 711
880 716
885 720
890 725
895 729
900 734
905 738
910 743
915 747
920 751
925 756
930 760
935 765
940 769
945 773
950 778
955 783
960 787
965 791
970 796
975 800
980 805
985 809
990 814
995 818
1000 822
1005 827
1010 831
1015 836
1020 840
1025 845
1030 849
1035 854
1040 858
1045 863
1050 867
1055 871
1060 876
1065 880
1070 885
1075 889
1080 894
1085 898
1090 903
1095 907
1100 911
1105 916
1110 920
1115 925
1120 929
1125 934
1130 938
1135 943
1140 947
1145 951
1150 956
1155 960
1160 965
1165 969
1170 974
1175 978
1180 983
1185 987
1190 991
1195 996
1200 1001
1205 1005
1210 1009
1215 1014
1220 1018
1225 1023
1230 1027
1235 1032
1240 1036
1245 1040
1250 1045
1255 1049
1260 1054
1265 1058
1270 1063
1275 1067
1280 1072
1285 1076
1290 1080
1295 1085
1300 1089
1305 1094
1310 1098
1315 1103
1320 1107
1325 1111
1330 1116
1335 1121
1340 1125
1345 1129
1350 1134
1355 1138
1360 1143
1365 1147
1370 1151
1375 1156
1380 1160
1385 1165
1390 1169
1395 1174
1400 1178
1405 1183
1410 1187
1415 1191
1420 1196
1425 1200
1430 1205
1435 1209
1440 1214
1445 1218
1450 1223
1455 1227
1460 1231
1465 1236
1470 1240
1475 1245
1480 1249
1485 1254
1490 1258
1495 1263
1500 1267
1505 1271
1510 1276
1515 1280
1520 1285
1525 1289
1530 1294
1535 1298
1540 1303
1545 1307
1550 1311
1555 1316
1560 1320
1565 1325
1570 1329
1575 1334
1580 1338
1585 1343
1590 1347
1595 1351
1600 1356
1605 1360
1610 1365
1615 1369
1620 1374
1625 1378
1630 1383
1635 1387
1640 1391
1645 1396
1650 1400
1655 1405
1660 1409
1665 1414
1670 1418
1675 1423
1680 1427
1685 1431
1690 1436
1695 1440
1700 1445
1705 1449
1710 1454
1715 1458
1720 1463
1725 1467
1730 1471
1735 1476
1740 1481
1745 1485
1750 1489
1755 1494
1760 1498
1765 1503
1770 1507
1775 1512
1780 1516
1785 1521
1790 1525
1795 1529
1800 1534
1805 1538
1810 1543
1815 1547
1820 1552
1825 1556
1830 1561
1835 1565
1840 1569
1845 1574
1850 1578
1855 1583
1860 1587
1865 1592
1870 1596
1875 1601
1880 1605
1885 1609
1890 1614
1895 1618
1900 1623
1905 1627
1910 1632
1915 1636
1920 1641
1925 1645
1930 1649
1935 1654
1940 1658
1945 1663
1950 1667
1955 1672
1960 1676
1965 1681
1970 1685
1975 1689
1980 1694
1985 1698
1990 1703
1995 1707
2000 1711
2005 1716
2010 1721
2015 1725
2020 1729
2025 1734
2030 1738
2035 1743
2040 1747
2045 1751
2050 1756
2055 1760
2060 1765
2065 1769
2070 1774
2075 1778
2080 1783
2085 1787
2090 1791
2095 1796
2100 1800
2105 1805
2110 1809
2115 1814
2120 1818
2125 1823
2130 1827
2135 1831
2140 1836
2145 1840
2150 1845
2155 1849
2160 1854
2165 1858
2170 1863
2175 1867
2180 1871
2185 1876
2190 1880
2195 1885
2200 1889
2205 1894
2210 1898
2215 1903
2220 1907
2225 1911
2230 1916
2235 1920
2240 1925
2245 1929
2250 1934
2255 1938
2260 1943
2265 1947
2270 1951
2275 1956
2280 1961
2285 1965
2290 1969
2295 1974
2300 1978
2305 1983
2310 1987
2315 1991
2320 1996
2325 2000
2330 2005
2335 2009
2340 2014
2345 2018
2350 2023
2355 2027
2360 2031
2365 2036
2370 2041
2375 2045
2380 2049
2385 2054
2390 2058
2395 2063
2400 2067
2405 2072
2410 2076
2415 2081
2420 2085
2425 2089
2430 2094
2435 2098
2440 2103
2445 2107
2450 2112
2455 2116
2460 2121
2465 2125
2470 2129
2475 2134
2480 2138
2485 2143
2490 2147
2495 2152
2500 2156
2505 2161
2510 2165
2515 2169
2520 2174
2525 2178
2530 2183
2535 2187
2540 2191
2545 2196
2550 2201
2555 2205
2560 2209
2565 2214
2570 2218
2575 2223
2580 2227
2585 2232
2590 2236
2595 2240
2600 2245
2605 2249
2610 2254
2615 2258
2620 2263
2625 2267
2630 2272
2635 2276
2640 2280
2645 2285
2650 2289
2655 2294
2660 2298
2665 2303
2670 2307
2675 2311
2680 2316
2685 2320
2690 2325
2695 2329
2700 2334
2705 2338
2710 2343
2715 2347
2720 2351
2725 2356
2730 2360
2735 2365
2740 2369
2745 2374
2750 2378
2755 2382
2760 2387
2765 2391
2770 2396
2775 2400
2780 2405
2785 2409
2790 2413
2795 2418
2800 2422
2805 2427
2810 2431
2815 2436
2820 2440
2825 2445
2830 2449
2835 2453
2840 2458
2845 2462
2850 2467
2855 2471
2860 2476
2865 2480
2870 2485
2875 2489
2880 2493
2885 2498
2890 2502
2895 2507
2900 2511
2905 2516
2910 2520
2915 2525
2920 2529
2925 2533
2930 2538
2935 2542
2940 2547
2945 2551
2950 2556
2955 2560
2960 2565
2965 2569
2970 2573
2975 2578
2980 2583
2985 2587
2990 2591
2995 2596
3000 2600
3005 2605
3010 2609
3015 2614
3020 2618
3025 2623
3030 2627
3035 2631
3040 2636
3045 2640
3050 2645
3055 2649
3060 2654
3065 2658
3070 2663
3075 2667
3080 2671
3085 2676
3090 2680
3095 2685
3100 2689
3105 2694
3110 2698
3115 2703
3120 2707
3125 2711
3130 2716
3135 2720
3140 2725
3145 2729
3150 2734
3155 2738
3160 2743
3165 2747
3170 2751
3175 2756
3180 2760
3185 2765
3190 2769
3195 2774
3200 2778
3205 2783
3210 2787
3215 2791
3220 2796
3225 2800
3230 2805
3235 2809
3240 2813
3245 2818
3250 2823
3255 2827
3260 2831
3265 2836
3270 2840
3275 2845
3280 2849
3285 2854
3290 2858
3295 2862
3300 2867
3305 2871
3310 2876
3315 2880
3320 2885
3325 2889
3330 2893
3335 2898
3340 2902
3345 2907
3350 2911
3355 2916
3360 2920
3365 2925
3370 2929
3375 2933
3380 2938
3385 2942
3390 2947
3395 2951
3400 2955
3405 2960
3410 2965
3415 2969
3420 2973
3425 2978
3430 2982
3435 2987
3440 2991
3445 2996
3450 3000
3455 3004
3460 3009
3465 3013
3470 3018
3475 3022
3480 3027
3485 3031
3490 3036
3495 3040
3500 3045
3505 3049
3510 3053
3515 3058
3520 3062
3525 3067
3530 3071
3535 3075
3540 3080
3545 3085
3550 3089
3555 3093
3560 3098
3565 3102
3570 3107
3575 3111
3580 3116
3585 3120
3590 3125
3595 3129
3600 3134
3605 3138
3610 3142
3615 3147
3620 3151
3625 3156
3630 3160
3635 3165
3640 3169
3645 3173
3650 3178
3655 3182
3660 3187
3665 3191
3670 3196
3675 3200
3680 3205
3685 3209
3690 3214
3695 3218
3700 3222
3705 3227
3710 3231
3715 3236
3720 3240
3725 3245
3730 3249
3735 3254
3740 3258
3745 3262
3750 3267
3755 3271
3760 3276
3765 3280
3770 3285
3775 3289
3780 3293
3785 3298
3790 3302
3795 3307
3800 3311
3805 3316
3810 3320
3815 3325
3820 3329
3825 3334
3830 3338
3835 3342
3840 3347
3845 3351
3850 3356
3855 3360
3860 3365
3865 3369
3870 3373
3875 3378
3880 3382
3885 3387
3890 3391
3895 3396
3900 3400
3905 3405
3910 3409
3915 3413
3920 3418
3925 3422
3930 3427
3935 3431
3940 3436
3945 3440
3950 3444
3955 3449
3960 3453
3965 3458
3970 3462
3975 3467
3980 3471
3985 3476
3990 3480
3995 3484
4000 3489
4005 3493
4010 3498
4015 3502
4020 3507
4025 3511
4030 3515
4035 3520
4040 3524
4045 3529
4050 3533
4055 3538
4060 3542
4065 3547
4070 3551
4075 3555
4080 3560
4085 3564
4090 3569
4095 3573
4100 3577
4105 3582
4110 3586
4115 3591
4120 3595
4125 3600
4130 3604
4135 3609
4140 3613
4145 3618
4150 3622
4155 3626
4160 3631
4165 3635
4170 3640
4175 3644
4180 3649
4185 3653
4190 3658
4195 3662
4200 3667
4205 3671
4210 3675
4215 3680
4220 3684
4225 3689
4230 3693
4235 3698
4240 3702
4245 3707
4250 3711
4255 3716
4260 3720
4265 3724
4270 3729
4275 3733
4280 3738
4285 3742
4290 3747
4295 3751
4300 3756
4305 3760
4310 3764
4315 3769
4320 3773
4325 3778
4330 3782
4335 3787
4340 3791
4345 3795
4350 3800
4355 3804
4360 3809
4365 3813
4370 3818
4375 3822
4380 3827
4385 3831
4390 3836
4395 3840
4400 3844
4405 3849
4410 3853
4415 3858
4420 3862
4425 3867
4430 3871
4435 3876
4440 3880
4445 3884
4450 3889
4455 3893
4460 3898
4465 3902
4470 3907
4475 3911
4480 3915
4485 3920
4490 3924
4495 3929
4500 3933
4505 3938
4510 3942
4515 3947
4520 3951
4525 3955
4530 3960
4535 3964
4540 3969
4545 3973
4550 3978
4555 3982
4560 3987
4565 3991
4570 3995
4575 4000
4580 4004
4585 4009
4590 4013
4595 4018
4600 4022
4605 4027
4610 4031
4615 4035
4620 4040
4625 4044
4630 4049
4635 4053
4640 4057
4645 4062
4650 4066
4655 4071
4660 4075
4665 4080
4670 4084
4675 4089
4680 4093
4685 4097
4690 4102
4695 4106
4700 4111
4705 4115
4710 4120
4715 4124
4720 4129
4725 4133
4730 4137
4735 4142
4740 4146
4745 4151
4750 4155
4755 4160
4760 4164
4765 4169
4770 4173
4775 4177
4780 4182
4785 4186
4790 4191
4795 4195
4800 4200
4805 4204
4810 4209
4815 4213
4820 4217
4825 4222
4830 4226
4835 4231
4840 4235
4845 4240
4850 4244
4855 4249
4860 4253
4865 4257
4870 4262
4875 4266
4880 4271
4885 4275
4890 4280
4895 4284
4900 4289
4905 4293
4910 4297
4915 4302
4920 4306
4925 4311
4930 4315
4935 4320
4940 4324
4945 4329
4950 4333
4955 4337
4960 4342
4965 4346
4970 4351
4975 4355
4980 4360
4985 4364
4990 4369
4995 4373
