10 0
15 0
20 0
25 1
30 2
35 3
40 5
45 7
50 9
55 11
60 13
65 16
70 18
75 21
80 24
85 27
90 30
95 33
100 37
105 40
110 44
115 47
120 51
125 55
130 59
135 62
140 66
145 70
150 74
155 78
160 82
165 86
170 90
175 94
180 98
185 102
190 107
195 111
200 115
205 119
210 123
215 128
220 132
225 136
230 141
235 145
240 149
245 153
250 158
255 162
260 166
265 171
270 175
275 179
280 184
285 188
290 193
295 197
300 201
305 206
310 210
315 215
320 219
325 223
330 228
335 232
340 237
345 241
350 245
355 250
360 254
365 259
370 263
375 267
380 272
385 276
390 281
395 285
400 290
405 294
410 298
415 303
420 307
425 312
430 316
435 321
440 325
445 330
450 334
455 338
460 343
465 347
470 352
475 356
480 361
485 365
490 369
495 374
500 378
505 383
510 387
515 392
520 396
525 401
530 405
535 409
540 414
545 418
550 423
555 427
560 432
565 436
570 441
575 445
580 450
585 454
590 458
595 463
600 467
605 472
610 476
615 481
620 485
625 490
630 494
635 498
640 503
645 507
650 512
655 516
660 521
665 525
670 529
675 534
680 538
685 543
690 547
695 552
700 556
705 561
710 565
715 570
720 574
725 578
730 583
735 587
740 592
745 596
750 601
755 605
760 609
765 614
770 618
775 623
780 627
785 632
790 636
795 641
800 645
805 649
810 654
815 658
820 663
825 667
830 672
835 676
840 681
845 685
850 689
855 694
860 698
865 703
870 707
875 712
880 716
885 720
890 725
895 729
900 734
905 738
910 743
915 747
920 752
925 756
930 761
935 765
940 769
945 774
950 778
955 783
960 787
965 792
970 796
975 800
980 805
985 809
990 814
995 818
1000 823
1005 827
1010 832
1015 836
1020 841
1025 845
1030 849
1035 854
1040 858
1045 863
1050 867
1055 872
1060 876
1065 881
1070 885
1075 889
1080 894
1085 898
1090 903
1095 907
1100 912
1105 916
1110 921
1115 925
1120 930
1125 934
1130 938
1135 943
1140 947
1145 952
1150 956
1155 961
1160 965
1165 970
1170 974
1175 979
1180 983
1185 987
1190 992
1195 996
1200 1001
1205 1005
1210 1010
1215 1014
1220 1019
1225 1023
1230 1027
1235 1032
1240 1036
1245 1041
1250 1045
1255 1050
1260 1054
1265 1059
1270 1063
1275 1067
1280 1072
1285 1076
1290 1081
1295 1085
1300 1090
1305 1094
1310 1099
1315 1103
1320 1107
1325 1112
1330 1116
1335 1121
1340 1125
1345 1129
1350 1134
1355 1138
1360 1143
1365 1147
1370 1152
1375 1156
1380 1161
1385 1165
1390 1170
1395 1174
1400 1178
1405 1183
1410 1187
1415 1192
1420 1196
1425 1201
1430 1205
1435 1210
1440 1214
1445 1218
1450 1223
1455 1227
1460 1232
1465 1236
1470 1241
1475 1245
1480 1249
1485 1254
1490 1259
1495 1263
1500 1267
1505 1272
1510 1276
1515 1281
1520 1285
1525 1290
1530 1294
1535 1298
1540 1303
1545 1307
1550 1312
1555 1316
1560 1321
1565 1325
1570 1330
1575 1334
1580 1339
1585 1343
1590 1347
1595 1352
1600 1356
1605 1361
1610 1365
1615 1369
1620 1374
1625 1379
1630 1383
1635 1387
1640 1392
1645 1396
1650 1401
1655 1405
1660 1410
1665 1414
1670 1418
1675 1423
1680 1427
1685 1432
1690 1436
1695 1441
1700 1445
1705 1450
1710 1454
1715 1459
1720 1463
1725 1467
1730 1472
1735 1476
1740 1481
1745 1485
1750 1490
1755 1494
1760 1499
1765 1503
1770 1507
1775 1512
1780 1516
1785 1521
1790 1525
1795 1530
1800 1534
1805 1539
1810 1543
1815 1547
1820 1552
1825 1556
1830 1561
1835 1565
1840 1570
1845 1574
1850 1579
1855 1583
1860 1587
1865 1592
1870 1596
1875 1601
1880 1605
1885 1610
1890 1614
1895 1619
1900 1623
1905 1628
1910 1632
1915 1636
1920 1641
1925 1645
1930 1650
1935 1654
1940 1659
1945 1663
1950 1667
1955 1672
1960 1676
1965 1681
1970 1685
1975 1690
1980 1694
1985 1699
1990 1703
1995 1707
2000 1712
2005 1716
2010 1721
2015 1725
2020 1730
2025 1734
2030 1739
2035 1743
2040 1747
2045 1752
2050 1756
2055 1761
2060 1765
2065 1770
2070 1774
2075 1779
2080 1783
2085 1787
2090 1792
2095 1796
2100 1801
2105 1805
2110 1810
2115 1814
2120 1819
2125 1823
2130 1827
2135 1832
2140 1836
2145 1841
2150 1845
2155 1849
2160 1854
2165 1858
2170 1863
2175 1867
2180 1872
2185 1876
2190 1881
2195 1885
2200 1890
2205 1894
2210 1898
2215 1903
2220 1907
2225 1912
2230 1916
2235 1921
2240 1925
2245 1930
2250 1934
2255 1939
2260 1943
2265 1947
2270 1952
2275 1956
2280 1961
2285 1965
2290 1970
2295 1974
2300 1979
2305 1983
2310 1987
2315 1992
2320 1996
2325 2001
2330 2005
2335 2010
2340 2014
2345 2019
2350 2023
2355 2027
2360 2032
2365 2036
2370 2041
2375 2045
2380 2050
2385 2054
2390 2059
2395 2063
2400 2067
2405 2072
2410 2076
2415 2081
2420 2085
2425 2090
2430 2094
2435 2099
2440 2103
2445 2108
2450 2112
2455 2116
2460 2121
2465 2125
2470 2130
2475 2134
2480 2139
2485 2143
2490 2148
2495 2152
2500 2157
2505 2161
2510 2165
2515 2170
2520 2174
2525 2179
2530 2183
2535 2188
2540 2192
2545 2197
2550 2201
2555 2205
2560 2210
2565 2214
2570 2219
2575 2223
2580 2228
2585 2232
2590 2237
2595 2241
2600 2245
2605 2250
2610 2254
2615 2259
2620 2263
2625 2267
2630 2272
2635 2277
2640 2281
2645 2285
2650 2290
2655 2294
2660 2299
2665 2303
2670 2307
2675 2312
2680 2316
2685 2321
2690 2325
2695 2330
2700 2334
2705 2339
2710 2343
2715 2347
2720 2352
2725 2356
2730 2361
2735 2365
2740 2370
2745 2374
2750 2379
2755 2383
2760 2387
2765 2392
2770 2396
2775 2401
2780 2405
2785 2410
2790 2414
2795 2419
2800 2423
2805 2427
2810 2432
2815 2436
2820 2441
2825 2445
2830 2449
2835 2454
2840 2459
2845 2463
2850 2467
2855 2472
2860 2476
2865 2481
2870 2485
2875 2490
2880 2494
2885 2498
2890 2503
2895 2507
2900 2512
2905 2516
2910 2521
2915 2525
2920 2530
2925 2534
2930 2539
2935 2543
2940 2547
2945 2552
2950 2556
2955 2561
2960 2565
2965 2569
2970 2574
2975 2578
2980 2583
2985 2587
2990 2592
2995 2596
3000 2601
3005 2605
3010 2610
3015 2614
3020 2618
3025 2623
3030 2627
3035 2632
3040 2636
3045 2641
3050 2645
3055 2650
3060 2654
3065 2659
3070 2663
3075 2667
3080 2672
3085 2676
3090 2681
3095 2685
3100 2690
3105 2694
3110 2699
3115 2703
3120 2708
3125 2712
3130 2716
3135 2721
3140 2725
3145 2730
3150 2734
3155 2739
3160 2743
3165 2748
3170 2752
3175 2756
3180 2761
3185 2765
3190 2770
3195 2774
3200 2779
3205 2783
3210 2787
3215 2792
3220 2796
3225 2801
3230 2805
3235 2810
3240 2814
3245 2819
3250 2823
3255 2827
3260 2832
3265 2836
3270 2841
3275 2845
3280 2850
3285 2854
3290 2858
3295 2863
3300 2867
3305 2872
3310 2876
3315 2881
3320 2885
3325 2890
3330 2894
3335 2899
3340 2903
3345 2907
3350 2912
3355 2916
3360 2921
3365 2925
3370 2929
3375 2934
3380 2938
3385 2943
3390 2947
3395 2952
3400 2956
3405 2961
3410 2965
3415 2970
3420 2974
3425 2978
3430 2983
3435 2987
3440 2992
3445 2996
3450 3001
3455 3005
3460 3009
3465 3014
3470 3018
3475 3023
3480 3027
3485 3032
3490 3036
3495 3041
3500 3045
3505 3049
3510 3054
3515 3058
3520 3063
3525 3067
3530 3072
3535 3076
3540 3081
3545 3085
3550 3090
3555 3094
3560 3098
3565 3103
3570 3107
3575 3112
3580 3116
3585 3121
3590 3125
3595 3130
3600 3134
3605 3139
3610 3143
3615 3147
3620 3152
3625 3156
3630 3161
3635 3165
3640 3170
3645 3174
3650 3179
3655 3183
3660 3187
3665 3192
3670 3196
3675 3201
3680 3205
3685 3210
3690 3214
3695 3218
3700 3223
3705 3227
3710 3232
3715 3236
3720 3241
3725 3245
3730 3250
3735 3254
3740 3259
3745 3263
3750 3267
3755 3272
3760 3276
3765 3281
3770 3285
3775 3290
3780 3294
3785 3299
3790 3303
3795 3307
3800 3312
3805 3316
3810 3321
3815 3325
3820 3330
3825 3334
3830 3338
3835 3343
3840 3347
3845 3352
3850 3356
3855 3361
3860 3365
3865 3370
3870 3374
3875 3379
3880 3383
3885 3387
3890 3392
3895 3396
3900 3401
3905 3405
3910 3410
3915 3414
3920 3419
3925 3423
3930 3427
3935 3432
3940 3436
3945 3441
3950 3445
3955 3450
3960 3454
3965 3458
3970 3463
3975 3467
3980 3472
3985 3476
3990 3481
3995 3485
4000 3489
4005 3494
4010 3498
4015 3503
4020 3507
4025 3512
4030 3516
4035 3521
4040 3525
4045 3529
4050 3534
4055 3538
4060 3543
4065 3547
4070 3552
4075 3556
4080 3561
4085 3565
4090 3569
4095 3574
4100 3578
4105 3583
4110 3587
4115 3592
4120 3596
4125 3600
4130 3605
4135 3609
4140 3614
4145 3618
4150 3623
4155 3627
4160 3632
4165 3636
4170 3641
4175 3645
4180 3649
4185 3654
4190 3658
4195 3663
4200 3667
4205 3671
4210 3676
4215 3681
4220 3685
4225 3689
4230 3694
4235 3698
4240 3703
4245 3707
4250 3712
4255 3716
4260 3721
4265 3725
4270 3729
4275 3734
4280 3738
4285 3743
4290 3747
4295 3752
4300 3756
4305 3761
4310 3765
4315 3769
4320 3774
4325 3778
4330 3783
4335 3787
4340 3792
4345 3796
4350 3801
4355 3805
4360 3810
4365 3814
4370 3818
4375 3823
4380 3827
4385 3832
4390 3836
4395 3841
4400 3845
4405 3849
4410 3854
4415 3858
4420 3863
4425 3867
4430 3872
4435 3876
4440 3881
4445 3885
4450 3889
4455 3894
4460 3898
4465 3903
4470 3907
4475 3912
4480 3916
4485 3921
4490 3925
4495 3929
4500 3934
4505 3938
4510 3943
4515 3947
4520 3952
4525 3956
4530 3961
4535 3965
4540 3969
4545 3974
4550 3978
4555 3983
4560 3987
4565 3992
4570 3996
4575 4001
4580 4005
4585 4009
4590 4014
4595 4018
4600 4023
4605 4027
4610 4032
4615 4036
4620 4040
4625 4045
4630 4049
4635 4054
4640 4058
4645 4063
4650 4067
4655 4072
4660 4076
4665 4080
4670 4085
4675 4089
4680 4094
4685 4098
4690 4103
4695 4107
4700 4111
4705 4116
4710 4120
4715 4125
4720 4129
4725 4134
4730 4138
4735 4143
4740 4147
4745 4151
4750 4156
4755 4160
4760 4165
4765 4169
4770 4174
4775 4178
4780 4183
4785 4187
4790 4192
4795 4196
4800 4200
4805 4205
4810 4209
4815 4214
4820 4218
4825 4223
4830 4227
4835 4231
4840 4236
4845 4240
4850 4245
4855 4249
4860 4254
4865 4258
4870 4263
4875 4267
4880 4271
4885 4276
4890 4280
4895 4285
4900 4289
4905 4294
4910 4298
4915 4302
4920 4307
4925 4311
4930 4316
4935 4320
4940 4325
4945 4329
4950 4334
4955 4338
4960 4343
4965 4347
4970 4351
4975 4356
4980 4360
4985 4365
4990 4369
4995 4374
