10 0
15 0
20 0
25 1
30 2
35 3
40 5
45 6
50 8
55 11
60 13
65 16
70 18
75 21
80 24
85 27
90 30
95 34
100 37
105 40
110 44
115 47
120 51
125 55
130 59
135 62
140 66
145 70
150 74
155 78
160 82
165 86
170 90
175 94
180 99
185 103
190 107
195 111
200 115
205 119
210 124
215 128
220 132
225 136
230 141
235 145
240 149
245 153
250 158
255 162
260 166
265 171
270 175
275 179
280 184
285 188
290 193
295 197
300 201
305 205
310 210
315 214
320 219
325 223
330 227
335 232
340 236
345 241
350 245
355 249
360 254
365 258
370 263
375 267
380 271
385 276
390 280
395 285
400 289
405 294
410 298
415 302
420 307
425 311
430 316
435 320
440 325
445 329
450 333
455 338
460 342
465 347
470 351
475 356
480 360
485 365
490 369
495 373
500 378
505 382
510 387
515 391
520 395
525 400
530 404
535 409
540 413
545 418
550 422
555 427
560 431
565 435
570 440
575 444
580 449
585 453
590 458
595 462
600 466
605 471
610 475
615 480
620 484
625 489
630 493
635 497
640 502
645 506
650 511
655 515
660 520
665 524
670 529
675 533
680 537
685 542
690 546
695 551
700 555
705 559
710 564
715 568
720 573
725 577
730 582
735 586
740 590
745 595
750 599
755 604
760 608
765 613
770 617
775 621
780 626
785 630
790 635
795 639
800 644
805 648
810 653
815 657
820 661
825 666
830 670
835 675
840 679
845 683
850 688
855 692
860 697
865 701
870 706
875 710
880 715
885 719
890 723
895 728
900 732
905 737
910 741
915 746
920 750
925 754
930 759
935 763
940 768
945 772
950 777
955 781
960 785
965 790
970 794
975 799
980 803
985 808
990 812
995 817
1000 821
1005 825
1010 830
1015 834
1020 839
1025 843
1030 848
1035 852
1040 856
1045 861
1050 865
1055 870
1060 874
1065 879
1070 883
1075 887
1080 892
1085 896
1090 901
1095 905
1100 910
1105 914
1110 919
1115 923
1120 927
1125 932
1130 936
1135 941
1140 945
1145 950
1150 954
1155 959
1160 963
1165 967
1170 972
1175 976
1180 981
1185 985
1190 990
1195 994
1200 998
1205 1003
1210 1007
1215 1012
1220 1016
1225 1021
1230 1025
1235 1030
1240 1034
1245 1038
1250 1043
1255 1047
1260 1052
1265 1056
1270 1061
1275 1065
1280 1069
1285 1074
1290 1078
1295 1083
1300 1087
1305 1092
1310 1096
1315 1101
1320 1105
1325 1109
1330 1114
1335 1118
1340 1123
1345 1127
1350 1132
1355 1136
1360 1140
1365 1145
1370 1149
1375 1154
1380 1158
1385 1163
1390 1167
1395 1171
1400 1176
1405 1180
1410 1185
1415 1189
1420 1194
1425 1198
1430 1202
1435 1207
1440 1211
1445 1216
1450 1220
1455 1225
1460 1229
1465 1233
1470 1238
1475 1242
1480 1247
1485 1251
1490 1256
1495 1260
1500 1264
1505 1269
1510 1273
1515 1278
1520 1282
1525 1287
1530 1291
1535 1296
1540 1300
1545 1304
1550 1309
1555 1313
1560 1318
1565 1322
1570 1327
1575 1331
1580 1335
1585 1340
1590 1344
1595 1349
1600 1353
1605 1358
1610 1362
1615 1366
1620 1371
1625 1375
1630 1380
1635 1384
1640 1389
1645 1393
1650 1397
1655 1402
1660 1406
1665 1411
1670 1415
1675 1420
1680 1424
1685 1429
1690 1433
1695 1437
1700 1442
1705 1446
1710 1451
1715 1455
1720 1460
1725 1464
1730 1469
1735 1473
1740 1477
1745 1482
1750 1486
1755 1491
1760 1495
1765 1500
1770 1504
1775 1509
1780 1513
1785 1517
1790 1522
1795 1526
1800 1531
1805 1535
1810 1540
1815 1544
1820 1548
1825 1553
1830 1557
1835 1562
1840 1566
1845 1571
1850 1575
1855 1580
1860 1584
1865 1588
1870 1593
1875 1597
1880 1602
1885 1606
1890 1611
1895 1615
1900 1619
1905 1624
1910 1628
1915 1633
1920 1637
1925 1642
1930 1646
1935 1650
1940 1655
1945 1659
1950 1664
1955 1668
1960 1673
1965 1677
1970 1682
1975 1686
1980 1690
1985 1695
1990 1699
1995 1704
2000 1708
2005 1713
2010 1717
2015 1721
2020 1726
2025 1730
2030 1735
2035 1739
2040 1743
2045 1748
2050 1753
2055 1757
2060 1761
2065 1766
2070 1770
2075 1775
2080 1779
2085 1783
2090 1788
2095 1792
2100 1797
2105 1801
2110 1806
2115 1810
2120 1815
2125 1819
2130 1823
2135 1828
2140 1832
2145 1837
2150 1841
2155 1846
2160 1850
2165 1854
2170 1859
2175 1863
2180 1868
2185 1872
2190 1877
2195 1881
2200 1885
2205 1890
2210 1894
2215 1899
2220 1903
2225 1908
2230 1912
2235 1916
2240 1921
2245 1925
2250 1930
2255 1934
2260 1939
2265 1943
2270 1948
2275 1952
2280 1956
2285 1961
2290 1965
2295 1970
2300 1974
2305 1979
2310 1983
2315 1987
2320 1992
2325 1996
2330 2001
2335 2005
2340 2010
2345 2014
2350 2019
2355 2023
2360 2027
2365 2032
2370 2036
2375 2041
2380 2045
2385 2050
2390 2054
2395 2058
2400 2063
2405 2067
2410 2072
2415 2076
2420 2081
2425 2085
2430 2089
2435 2094
2440 2098
2445 2103
2450 2107
2455 2112
2460 2116
2465 2121
2470 2125
2475 2129
2480 2134
2485 2138
2490 2143
2495 2147
2500 2152
2505 2156
2510 2161
2515 2165
2520 2169
2525 2174
2530 2178
2535 2183
2540 2187
2545 2192
2550 2196
2555 2201
2560 2205
2565 2210
2570 2214
2575 2218
2580 2223
2585 2227
2590 2232
2595 2236
2600 2241
2605 2245
2610 2249
2615 2254
2620 2258
2625 2263
2630 2267
2635 2271
2640 2276
2645 2281
2650 2285
2655 2289
2660 2294
2665 2298
2670 2303
2675 2307
2680 2311
2685 2316
2690 2320
2695 2325
2700 2329
2705 2334
2710 2338
2715 2342
2720 2347
2725 2351
2730 2356
2735 2360
2740 2364
2745 2369
2750 2373
2755 2378
2760 2382
2765 2387
2770 2391
2775 2396
2780 2400
2785 2405
2790 2409
2795 2413
2800 2418
2805 2422
2810 2427
2815 2431
2820 2435
2825 2440
2830 2444
2835 2449
2840 2453
2845 2458
2850 2462
2855 2467
2860 2471
2865 2475
2870 2480
2875 2484
2880 2489
2885 2493
2890 2498
2895 2502
2900 2506
2905 2511
2910 2515
2915 2520
2920 2524
2925 2529
2930 2533
2935 2537
2940 2542
2945 2546
2950 2551
2955 2555
2960 2559
2965 2564
2970 2569
2975 2573
2980 2577
2985 2582
2990 2586
2995 2591
3000 2595
3005 2600
3010 2604
3015 2608
3020 2613
3025 2617
3030 2622
3035 2626
3040 2631
3045 2635
3050 2639
3055 2644
3060 2648
3065 2653
3070 2657
3075 2662
3080 2666
3085 2671
3090 2675
3095 2679
3100 2684
3105 2688
3110 2693
3115 2697
3120 2701
3125 2706
3130 2710
3135 2715
3140 2719
3145 2724
3150 2728
3155 2733
3160 2737
3165 2742
3170 2746
3175 2750
3180 2755
3185 2759
3190 2764
3195 2768
3200 2773
3205 2777
3210 2781
3215 2786
3220 2790
3225 2795
3230 2799
3235 2804
3240 2808
3245 2813
3250 2817
3255 2821
3260 2826
3265 2830
3270 2835
3275 2839
3280 2843
3285 2848
3290 2852
3295 2857
3300 2861
3305 2866
3310 2870
3315 2875
3320 2879
3325 2883
3330 2888
3335 2892
3340 2897
3345 2901
3350 2906
3355 2910
3360 2914
3365 2919
3370 2923
3375 2928
3380 2932
3385 2937
3390 2941
3395 2945
3400 2950
3405 2954
3410 2959
3415 2963
3420 2967
3425 2972
3430 2977
3435 2981
3440 2985
3445 2990
3450 2994
3455 2999
3460 3003
3465 3007
3470 3012
3475 3016
3480 3021
3485 3025
3490 3030
3495 3034
3500 3038
3505 3043
3510 3047
3515 3052
3520 3056
3525 3061
3530 3065
3535 3069
3540 3074
3545 3078
3550 3083
3555 3087
3560 3092
3565 3096
3570 3101
3575 3105
3580 3109
3585 3114
3590 3118
3595 3123
3600 3127
3605 3131
3610 3136
3615 3140
3620 3145
3625 3149
3630 3154
3635 3158
3640 3163
3645 3167
3650 3171
3655 3176
3660 3180
3665 3185
3670 3189
3675 3194
3680 3198
3685 3203
3690 3207
3695 3211
3700 3216
3705 3220
3710 3225
3715 3229
3720 3234
3725 3238
3730 3243
3735 3247
3740 3251
3745 3256
3750 3260
3755 3265
3760 3269
3765 3273
3770 3278
3775 3282
3780 3287
3785 3291
3790 3296
3795 3300
3800 3305
3805 3309
3810 3314
3815 3318
3820 3322
3825 3327
3830 3331
3835 3336
3840 3340
3845 3345
3850 3349
3855 3353
3860 3358
3865 3362
3870 3367
3875 3371
3880 3375
3885 3380
3890 3385
3895 3389
3900 3393
3905 3398
3910 3402
3915 3407
3920 3411
3925 3415
3930 3420
3935 3424
3940 3429
3945 3433
3950 3438
3955 3442
3960 3446
3965 3451
3970 3455
3975 3460
3980 3464
3985 3469
3990 3473
3995 3477
4000 3482
4005 3486
4010 3491
4015 3495
4020 3500
4025 3504
4030 3509
4035 3513
4040 3517
4045 3522
4050 3526
4055 3531
4060 3535
4065 3539
4070 3544
4075 3548
4080 3553
4085 3557
4090 3562
4095 3566
4100 3571
4105 3575
4110 3579
4115 3584
4120 3588
4125 3593
4130 3597
4135 3601
4140 3606
4145 3610
4150 3615
4155 3619
4160 3624
4165 3628
4170 3633
4175 3637
4180 3641
4185 3646
4190 3650
4195 3655
4200 3659
4205 3663
4210 3668
4215 3673
4220 3677
4225 3681
4230 3686
4235 3690
4240 3695
4245 3699
4250 3703
4255 3708
4260 3712
4265 3717
4270 3721
4275 3726
4280 3730
4285 3735
4290 3739
4295 3743
4300 3748
4305 3752
4310 3757
4315 3761
4320 3766
4325 3770
4330 3774
4335 3779
4340 3783
4345 3788
4350 3792
4355 3797
4360 3801
4365 3805
4370 3810
4375 3814
4380 3819
4385 3823
4390 3828
4395 3832
4400 3837
4405 3841
4410 3845
4415 3850
4420 3854
4425 3859
4430 3863
4435 3868
4440 3872
4445 3877
4450 3881
4455 3885
4460 3890
4465 3894
4470 3899
4475 3903
4480 3908
4485 3912
4490 3917
4495 3921
4500 3925
4505 3930
4510 3934
4515 3939
4520 3943
4525 3947
4530 3952
4535 3956
4540 3961
4545 3965
4550 3970
4555 3974
4560 3979
4565 3983
4570 3987
4575 3992
4580 3996
4585 4001
4590 4005
4595 4009
4600 4014
4605 4018
4610 4023
4615 4027
4620 4032
4625 4036
4630 4041
4635 4045
4640 4049
4645 4054
4650 4058
4655 4063
4660 4067
4665 4072
4670 4076
4675 4081
4680 4085
4685 4089
4690 4094
4695 4098
4700 4103
4705 4107
4710 4111
4715 4116
4720 4120
4725 4125
4730 4129
4735 4134
4740 4138
4745 4142
4750 4147
4755 4151
4760 4156
4765 4160
4770 4164
4775 4169
4780 4173
4785 4178
4790 4182
4795 4187
4800 4191
4805 4195
4810 4200
4815 4204
4820 4209
4825 4213
4830 4217
4835 4222
4840 4227
4845 4231
4850 4235
4855 4240
4860 4244
4865 4249
4870 4253
4875 4257
4880 4262
4885 4266
4890 4271
4895 4275
4900 4280
4905 4284
4910 4289
4915 4293
4920 4297
4925 4302
4930 4306
4935 4311
4940 4315
4945 4320
4950 4324
4955 4329
4960 4333
4965 4337
4970 4342
4975 4346
4980 4351
4985 4355
4990 4360
4995 4364
