10 0
15 0
20 0
25 0
30 1
35 1
40 2
45 2
50 3
55 3
60 4
65 4
70 5
75 6
80 7
85 8
90 9
95 9
100 10
105 11
110 12
115 13
120 14
125 15
130 16
135 17
140 18
145 19
150 20
155 21
160 22
165 23
170 24
175 25
180 26
185 27
190 28
195 29
200 30
205 31
210 33
215 34
220 35
225 36
230 37
235 38
240 39
245 40
250 41
255 42
260 43
265 44
270 45
275 46
280 47
285 48
290 50
295 51
300 52
305 53
310 54
315 55
320 56
325 57
330 58
335 59
340 60
345 61
350 63
355 64
360 65
365 66
370 67
375 68
380 69
385 70
390 71
395 72
400 73
405 74
410 75
415 77
420 78
425 79
430 80
435 81
440 82
445 83
450 84
455 85
460 86
465 87
470 88
475 90
480 91
485 92
490 93
495 94
500 95
505 96
510 97
515 98
520 99
525 100
530 102
535 103
540 104
545 105
550 106
555 107
560 108
565 109
570 110
575 111
580 112
585 113
590 114
595 116
600 117
605 118
610 119
615 120
620 121
625 122
630 123
635 124
640 125
645 126
650 127
655 128
660 130
665 131
670 132
675 133
680 134
685 135
690 136
695 137
700 138
705 139
710 140
715 141
720 142
725 144
730 145
735 146
740 147
745 148
750 149
755 150
760 151
765 152
770 153
775 154
780 155
785 156
790 158
795 159
800 160
805 161
810 162
815 163
820 164
825 165
830 166
835 167
840 168
845 170
850 171
855 172
860 173
865 174
870 175
875 176
880 177
885 178
890 179
895 180
900 181
905 182
910 184
915 185
920 186
925 187
930 188
935 189
940 190
945 191
950 192
955 193
960 194
965 196
970 197
975 198
980 199
985 200
990 201
995 202
1000 203
1005 204
1010 205
1015 206
1020 207
1025 208
1030 209
1035 210
1040 212
1045 213
1050 214
1055 215
1060 216
1065 217
1070 218
1075 219
1080 220
1085 222
1090 223
1095 224
1100 225
1105 226
1110 227
1115 228
1120 229
1125 230
1130 231
1135 232
1140 233
1145 234
1150 235
1155 236
1160 238
1165 239
1170 240
1175 241
1180 242
1185 243
1190 244
1195 245
1200 246
1205 247
1210 248
1215 250
1220 251
1225 252
1230 253
1235 254
1240 255
1245 256
1250 257
1255 258
1260 259
1265 260
1270 261
1275 262
1280 264
1285 265
1290 266
1295 267
1300 268
1305 269
1310 270
1315 271
1320 272
1325 273
1330 274
1335 275
1340 276
1345 278
1350 279
1355 280
1360 281
1365 282
1370 283
1375 284
1380 285
1385 286
1390 287
1395 288
1400 290
1405 291
1410 292
1415 293
1420 294
1425 295
1430 296
1435 297
1440 298
1445 299
1450 300
1455 301
1460 302
1465 304
1470 305
1475 306
1480 307
1485 308
1490 309
1495 310
1500 311
1505 312
1510 313
1515 314
1520 316
1525 316
1530 318
1535 319
1540 320
1545 321
1550 322
1555 323
1560 324
1565 325
1570 326
1575 327
1580 328
1585 329
1590 330
1595 332
1600 333
1605 334
1610 335
1615 336
1620 337
1625 338
1630 339
1635 340
1640 341
1645 342
1650 344
1655 345
1660 346
1665 347
1670 348
1675 349
1680 350
1685 351
1690 352
1695 353
1700 354
1705 355
1710 356
1715 358
1720 359
1725 360
1730 361
1735 362
1740 363
1745 364
1750 365
1755 366
1760 367
1765 368
1770 370
1775 371
1780 372
1785 373
1790 374
1795 375
1800 376
1805 377
1810 378
1815 379
1820 380
1825 381
1830 382
1835 384
1840 385
1845 386
1850 387
1855 388
1860 389
1865 390
1870 391
1875 392
1880 393
1885 394
1890 395
1895 396
1900 398
1905 399
1910 400
1915 401
1920 402
1925 403
1930 404
1935 405
1940 406
1945 407
1950 408
1955 410
1960 411
1965 412
1970 413
1975 414
1980 415
1985 416
1990 417
1995 418
2000 419
2005 420
2010 421
2015 422
2020 423
2025 424
2030 426
2035 427
2040 428
2045 429
2050 430
2055 431
2060 432
2065 433
2070 434
2075 435
2080 436
2085 438
2090 439
2095 440
2100 441
2105 442
2110 443
2115 444
2120 445
2125 446
2130 447
2135 448
2140 449
2145 450
2150 452
2155 453
2160 454
2165 455
2170 456
2175 457
2180 458
2185 459
2190 460
2195 461
2200 462
2205 464
2210 465
2215 466
2220 467
2225 468
2230 469
2235 470
2240 471
2245 472
2250 473
2255 474
2260 475
2265 476
2270 478
2275 479
2280 480
2285 481
2290 482
2295 483
2300 484
2305 485
2310 486
2315 487
2320 488
2325 489
2330 490
2335 492
2340 493
2345 494
2350 495
2355 496
2360 497
2365 498
2370 499
2375 500
2380 501
2385 502
2390 503
2395 505
2400 506
2405 507
2410 508
2415 509
2420 510
2425 511
2430 512
2435 513
2440 514
2445 515
2450 516
2455 517
2460 518
2465 520
2470 521
2475 522
2480 523
2485 524
2490 525
2495 526
2500 527
2505 528
2510 530
2515 531
2520 532
2525 533
2530 534
2535 535
2540 536
2545 537
2550 538
2555 539
2560 540
2565 541
2570 542
2575 543
2580 544
2585 546
2590 547
2595 548
2600 549
2605 550
2610 551
2615 552
2620 553
2625 554
2630 555
2635 556
2640 558
2645 559
2650 560
2655 561
2660 562
2665 563
2670 564
2675 565
2680 566
2685 567
2690 568
2695 569
2700 570
2705 571
2710 573
2715 574
2720 575
2725 576
2730 577
2735 578
2740 579
2745 580
2750 581
2755 582
2760 583
2765 584
2770 586
2775 587
2780 588
2785 589
2790 590
2795 591
2800 592
2805 593
2810 594
2815 595
2820 596
2825 597
2830 598
2835 600
2840 601
2845 602
2850 603
2855 604
2860 605
2865 606
2870 607
2875 608
2880 609
2885 610
2890 611
2895 612
2900 614
2905 615
2910 616
2915 617
2920 618
2925 619
2930 620
2935 621
2940 622
2945 623
2950 624
2955 626
2960 627
2965 628
2970 629
2975 630
2980 631
2985 632
2990 633
2995 634
3000 635
3005 636
3010 637
3015 638
3020 640
3025 641
3030 642
3035 643
3040 644
3045 645
3050 646
3055 647
3060 648
3065 649
3070 650
3075 652
3080 653
3085 654
3090 655
3095 656
3100 657
3105 658
3110 659
3115 660
3120 661
3125 662
3130 663
3135 664
3140 665
3145 667
3150 668
3155 669
3160 670
3165 671
3170 672
3175 673
3180 674
3185 675
3190 676
3195 678
3200 679
3205 680
3210 681
3215 682
3220 683
3225 684
3230 685
3235 686
3240 687
3245 688
3250 689
3255 690
3260 691
3265 692
3270 694
3275 695
3280 696
3285 697
3290 698
3295 699
3300 700
3305 701
3310 702
3315 703
3320 704
3325 705
3330 706
3335 708
3340 709
3345 710
3350 711
3355 712
3360 713
3365 714
3370 715
3375 716
3380 717
3385 718
3390 719
3395 721
3400 722
3405 723
3410 724
3415 725
3420 726
3425 727
3430 728
3435 729
3440 730
3445 731
3450 732
3455 733
3460 734
3465 736
3470 737
3475 738
3480 739
3485 740
3490 741
3495 742
3500 743
3505 744
3510 745
3515 746
3520 748
3525 749
3530 750
3535 751
3540 752
3545 753
3550 754
3555 755
3560 756
3565 757
3570 758
3575 759
3580 760
3585 762
3590 763
3595 764
3600 765
3605 766
3610 767
3615 768
3620 769
3625 770
3630 771
3635 772
3640 774
3645 775
3650 776
3655 777
3660 778
3665 779
3670 780
3675 781
3680 782
3685 783
3690 784
3695 785
3700 786
3705 788
3710 789
3715 790
3720 791
3725 792
3730 793
3735 794
3740 795
3745 796
3750 797
3755 798
3760 800
3765 801
3770 802
3775 803
3780 804
3785 805
3790 806
3795 807
3800 808
3805 809
3810 810
3815 811
3820 812
3825 814
3830 815
3835 816
3840 817
3845 818
3850 819
3855 820
3860 821
3865 822
3870 823
3875 824
3880 825
3885 826
3890 828
3895 829
3900 830
3905 831
3910 832
3915 833
3920 834
3925 835
3930 836
3935 837
3940 838
3945 839
3950 840
3955 842
3960 843
3965 844
3970 845
3975 846
3980 847
3985 848
3990 849
3995 850
4000 851
4005 852
4010 853
4015 854
4020 855
4025 856
4030 858
4035 859
4040 860
4045 861
4050 862
4055 863
4060 864
4065 865
4070 866
4075 867
4080 868
4085 870
4090 871
4095 872
4100 873
4105 874
4110 875
4115 876
4120 877
4125 878
4130 879
4135 880
4140 881
4145 882
4150 883
4155 885
4160 886
4165 887
4170 888
4175 889
4180 890
4185 891
4190 892
4195 893
4200 894
4205 895
4210 896
4215 898
4220 899
4225 900
4230 901
4235 902
4240 903
4245 904
4250 905
4255 906
4260 907
4265 908
4270 909
4275 911
4280 912
4285 913
4290 914
4295 915
4300 916
4305 917
4310 918
4315 919
4320 920
4325 921
4330 922
4335 923
4340 925
4345 926
4350 927
4355 928
4360 929
4365 930
4370 931
4375 932
4380 933
4385 934
4390 935
4395 936
4400 938
4405 939
4410 940
4415 941
4420 942
4425 943
4430 944
4435 945
4440 946
4445 947
4450 948
4455 949
4460 950
4465 951
4470 953
4475 954
4480 955
4485 956
4490 957
4495 958
4500 959
4505 960
4510 961
4515 962
4520 963
4525 964
4530 966
4535 967
4540 968
4545 969
4550 970
4555 971
4560 972
4565 973
4570 974
4575 975
4580 976
4585 977
4590 978
4595 980
4600 981
4605 982
4610 983
4615 984
4620 985
4625 986
4630 987
4635 988
4640 989
4645 990
4650 991
4655 993
4660 994
4665 995
4670 996
4675 997
4680 998
4685 999
4690 1000
4695 1001
4700 1002
4705 1003
4710 1004
4715 1005
4720 1007
4725 1008
4730 1009
4735 1010
4740 1011
4745 1012
4750 1013
4755 1014
4760 1015
4765 1016
4770 1017
4775 1018
4780 1019
4785 1021
4790 1022
4795 1023
4800 1024
4805 1025
4810 1026
4815 1027
4820 1028
4825 1029
4830 1030
4835 1031
4840 1032
4845 1034
4850 1035
4855 1036
4860 1037
4865 1038
4870 1039
4875 1040
4880 1041
4885 1042
4890 1043
4895 1044
4900 1045
4905 1046
4910 1047
4915 1048
4920 1050
4925 1051
4930 1052
4935 1053
4940 1054
4945 1055
4950 1056
4955 1057
4960 1058
4965 1059
4970 1061
4975 1062
4980 1063
4985 1064
4990 1065
4995 1066
