10 0
15 0
20 0
25 0
30 1
35 1
40 2
45 2
50 3
55 3
60 4
65 5
70 5
75 6
80 7
85 8
90 9
95 10
100 11
105 12
110 13
115 13
120 14
125 15
130 16
135 17
140 18
145 19
150 20
155 21
160 22
165 23
170 25
175 26
180 27
185 28
190 29
195 30
200 31
205 32
210 33
215 34
220 35
225 36
230 37
235 39
240 40
245 41
250 42
255 43
260 44
265 45
270 46
275 47
280 48
285 49
290 51
295 52
300 53
305 54
310 55
315 56
320 57
325 58
330 59
335 60
340 61
345 63
350 64
355 65
360 66
365 67
370 68
375 69
380 70
385 71
390 72
395 73
400 75
405 76
410 77
415 78
420 79
425 80
430 81
435 82
440 83
445 84
450 85
455 87
460 88
465 89
470 90
475 91
480 92
485 93
490 94
495 95
500 96
505 98
510 99
515 100
520 101
525 102
530 103
535 104
540 105
545 106
550 107
555 108
560 109
565 111
570 112
575 113
580 114
585 115
590 116
595 117
600 118
605 119
610 120
615 122
620 123
625 124
630 125
635 126
640 127
645 128
650 129
655 130
660 131
665 132
670 133
675 135
680 136
685 137
690 138
695 139
700 140
705 141
710 142
715 143
720 144
725 145
730 147
735 148
740 149
745 150
750 151
755 152
760 153
765 154
770 155
775 156
780 157
785 159
790 160
795 161
800 162
805 163
810 164
815 165
820 166
825 167
830 168
835 169
840 170
845 171
850 173
855 174
860 175
865 176
870 177
875 178
880 179
885 180
890 181
895 182
900 183
905 185
910 186
915 187
920 188
925 189
930 190
935 191
940 192
945 193
950 194
955 195
960 196
965 197
970 199
975 200
980 201
985 202
990 203
995 204
1000 205
1005 206
1010 207
1015 208
1020 209
1025 211
1030 212
1035 213
1040 214
1045 215
1050 216
1055 217
1060 218
1065 219
1070 220
1075 221
1080 223
1085 224
1090 225
1095 226
1100 227
1105 228
1110 229
1115 230
1120 231
1125 232
1130 233
1135 234
1140 236
1145 237
1150 238
1155 239
1160 240
1165 241
1170 242
1175 243
1180 244
1185 245
1190 247
1195 248
1200 249
1205 250
1210 251
1215 252
1220 253
1225 254
1230 255
1235 256
1240 257
1245 258
1250 259
1255 261
1260 262
1265 263
1270 264
1275 265
1280 266
1285 267
1290 268
1295 269
1300 270
1305 271
1310 273
1315 274
1320 275
1325 276
1330 277
1335 278
1340 279
1345 280
1350 281
1355 282
1360 283
1365 284
1370 285
1375 287
1380 288
1385 289
1390 290
1395 291
1400 292
1405 293
1410 294
1415 295
1420 296
1425 298
1430 299
1435 300
1440 301
1445 302
1450 303
1455 304
1460 305
1465 306
1470 307
1475 308
1480 309
1485 310
1490 311
1495 313
1500 314
1505 315
1510 316
1515 317
1520 318
1525 319
1530 320
1535 321
1540 322
1545 324
1550 325
1555 326
1560 327
1565 328
1570 329
1575 330
1580 331
1585 332
1590 333
1595 334
1600 335
1605 336
1610 337
1615 339
1620 340
1625 341
1630 342
1635 343
1640 344
1645 345
1650 346
1655 347
1660 348
1665 350
1670 351
1675 352
1680 353
1685 354
1690 355
1695 356
1700 357
1705 358
1710 359
1715 360
1720 361
1725 363
1730 364
1735 365
1740 366
1745 367
1750 368
1755 369
1760 370
1765 371
1770 372
1775 373
1780 375
1785 376
1790 377
1795 378
1800 379
1805 380
1810 381
1815 382
1820 383
1825 384
1830 385
1835 386
1840 387
1845 389
1850 390
1855 391
1860 392
1865 393
1870 394
1875 395
1880 396
1885 397
1890 398
1895 399
1900 401
1905 402
1910 403
1915 404
1920 405
1925 406
1930 407
1935 408
1940 409
1945 410
1950 411
1955 413
1960 414
1965 415
1970 416
1975 417
1980 418
1985 419
1990 420
1995 421
2000 422
2005 423
2010 425
2015 426
2020 427
2025 428
2030 429
2035 430
2040 431
2045 432
2050 433
2055 434
2060 435
2065 436
2070 437
2075 439
2080 440
2085 441
2090 442
2095 443
2100 444
2105 445
2110 446
2115 447
2120 448
2125 450
2130 451
2135 452
2140 453
2145 454
2150 455
2155 456
2160 457
2165 458
2170 459
2175 460
2180 461
2185 463
2190 464
2195 465
2200 466
2205 467
2210 468
2215 469
2220 470
2225 471
2230 472
2235 473
2240 475
2245 476
2250 477
2255 478
2260 479
2265 480
2270 481
2275 482
2280 483
2285 484
2290 485
2295 487
2300 488
2305 489
2310 490
2315 491
2320 492
2325 493
2330 494
2335 495
2340 496
2345 497
2350 498
2355 499
2360 501
2365 502
2370 503
2375 504
2380 505
2385 506
2390 507
2395 508
2400 509
2405 511
2410 512
2415 513
2420 514
2425 515
2430 516
2435 517
2440 518
2445 519
2450 520
2455 521
2460 522
2465 523
2470 525
2475 526
2480 527
2485 528
2490 529
2495 530
2500 531
2505 532
2510 533
2515 534
2520 535
2525 537
2530 538
2535 539
2540 540
2545 541
2550 542
2555 543
2560 544
2565 545
2570 546
2575 547
2580 548
2585 549
2590 551
2595 552
2600 553
2605 554
2610 555
2615 556
2620 557
2625 558
2630 559
2635 560
2640 561
2645 563
2650 564
2655 565
2660 566
2665 567
2670 568
2675 569
2680 570
2685 571
2690 572
2695 573
2700 574
2705 575
2710 577
2715 578
2720 579
2725 580
2730 581
2735 582
2740 583
2745 584
2750 585
2755 587
2760 588
2765 589
2770 590
2775 591
2780 592
2785 593
2790 594
2795 595
2800 596
2805 597
2810 598
2815 599
2820 601
2825 602
2830 603
2835 604
2840 605
2845 606
2850 607
2855 608
2860 609
2865 610
2870 612
2875 613
2880 614
2885 615
2890 616
2895 617
2900 618
2905 619
2910 620
2915 621
2920 622
2925 623
2930 625
2935 626
2940 627
2945 628
2950 629
2955 630
2960 631
2965 632
2970 633
2975 634
2980 635
2985 637
2990 638
2995 639
3000 640
3005 641
3010 642
3015 643
3020 644
3025 645
3030 646
3035 647
3040 649
3045 650
3050 651
3055 652
3060 653
3065 654
3070 655
3075 656
3080 657
3085 658
3090 659
3095 661
3100 662
3105 663
3110 664
3115 665
3120 666
3125 667
3130 668
3135 669
3140 670
3145 671
3150 672
3155 674
3160 675
3165 676
3170 677
3175 678
3180 679
3185 680
3190 681
3195 682
3200 683
3205 685
3210 686
3215 687
3220 688
3225 689
3230 690
3235 691
3240 692
3245 693
3250 694
3255 695
3260 696
3265 697
3270 699
3275 700
3280 701
3285 702
3290 703
3295 704
3300 705
3305 706
3310 707
3315 708
3320 709
3325 711
3330 712
3335 713
3340 714
3345 715
3350 716
3355 717
3360 718
3365 719
3370 720
3375 721
3380 722
3385 724
3390 725
3395 726
3400 727
3405 728
3410 729
3415 730
3420 731
3425 732
3430 733
3435 735
3440 736
3445 737
3450 738
3455 739
3460 740
3465 741
3470 742
3475 743
3480 744
3485 745
3490 746
3495 747
3500 749
3505 750
3510 751
3515 752
3520 753
3525 754
3530 755
3535 756
3540 757
3545 759
3550 760
3555 761
3560 762
3565 763
3570 764
3575 765
3580 766
3585 767
3590 768
3595 769
3600 770
3605 771
3610 773
3615 774
3620 775
3625 776
3630 777
3635 778
3640 779
3645 780
3650 781
3655 783
3660 784
3665 785
3670 786
3675 787
3680 788
3685 789
3690 790
3695 791
3700 792
3705 793
3710 795
3715 796
3720 797
3725 798
3730 799
3735 800
3740 801
3745 802
3750 803
3755 804
3760 805
3765 807
3770 808
3775 809
3780 810
3785 811
3790 812
3795 813
3800 814
3805 815
3810 816
3815 817
3820 819
3825 820
3830 821
3835 822
3840 823
3845 824
3850 825
3855 826
3860 827
3865 828
3870 829
3875 831
3880 832
3885 833
3890 834
3895 835
3900 836
3905 837
3910 838
3915 839
3920 840
3925 841
3930 842
3935 843
3940 845
3945 846
3950 847
3955 848
3960 849
3965 850
3970 851
3975 852
3980 853
3985 854
3990 855
3995 857
4000 858
4005 859
4010 860
4015 861
4020 862
4025 863
4030 864
4035 865
4040 866
4045 867
4050 869
4055 870
4060 871
4065 872
4070 873
4075 874
4080 875
4085 876
4090 877
4095 878
4100 879
4105 881
4110 882
4115 883
4120 884
4125 885
4130 886
4135 887
4140 888
4145 889
4150 890
4155 891
4160 893
4165 894
4170 895
4175 896
4180 897
4185 898
4190 899
4195 900
4200 901
4205 902
4210 904
4215 905
4220 906
4225 907
4230 908
4235 909
4240 910
4245 911
4250 912
4255 913
4260 914
4265 915
4270 917
4275 918
4280 919
4285 920
4290 921
4295 922
4300 923
4305 924
4310 925
4315 926
4320 927
4325 929
4330 930
4335 931
4340 932
4345 933
4350 934
4355 935
4360 936
4365 937
4370 938
4375 939
4380 941
4385 942
4390 943
4395 944
4400 945
4405 946
4410 947
4415 948
4420 949
4425 950
4430 951
4435 953
4440 954
4445 955
4450 956
4455 957
4460 958
4465 959
4470 960
4475 961
4480 962
4485 963
4490 964
4495 965
4500 967
4505 968
4510 969
4515 970
4520 971
4525 972
4530 973
4535 974
4540 975
4545 977
4550 978
4555 979
4560 980
4565 981
4570 982
4575 983
4580 984
4585 985
4590 986
4595 987
4600 988
4605 989
4610 991
4615 992
4620 993
4625 994
4630 995
4635 996
4640 997
4645 998
4650 999
4655 1001
4660 1002
4665 1003
4670 1004
4675 1005
4680 1006
4685 1007
4690 1008
4695 1009
4700 1010
4705 1011
4710 1012
4715 1013
4720 1015
4725 1016
4730 1017
4735 1018
4740 1019
4745 1020
4750 1021
4755 1022
4760 1023
4765 1024
4770 1025
4775 1027
4780 1028
4785 1029
4790 1030
4795 1031
4800 1032
4805 1033
4810 1034
4815 1035
4820 1036
4825 1037
4830 1039
4835 1040
4840 1041
4845 1042
4850 1043
4855 1044
4860 1045
4865 1046
4870 1047
4875 1048
4880 1049
4885 1051
4890 1052
4895 1053
4900 1054
4905 1055
4910 1056
4915 1057
4920 1058
4925 1059
4930 1060
4935 1061
4940 1063
4945 1064
4950 1065
4955 1066
4960 1067
4965 1068
4970 1069
4975 1070
4980 1071
4985 1072
4990 1073
4995 1075
