10 0
10 0
10 -1
15 0
15 0
15 28
20 0
20 1
20 -1
25 1
25 1
25 -1
30 1
30 1
30 -1
35 2
35 2
35 -1
40 3
40 2
40 -1
45 3
45 3
45 -1
50 4
50 3
50 -1
55 5
55 4
55 -1
60 7
60 5
60 -1
65 8
65 6
65 -1
70 9
70 7
70 -1
75 10
75 8
75 -1
80 12
80 9
80 -1
85 13
85 10
85 -1
90 14
90 11
90 -1
95 16
95 12
95 -1
100 17
100 13
100 -1
105 19
105 14
105 -1
110 20
110 15
110 -1
115 21
115 16
115 -1
120 23
120 18
120 -1
125 24
125 19
125 -1
130 26
130 20
130 -1
135 27
135 21
135 -1
140 29
140 23
140 -1
145 30
145 24
145 -1
150 32
150 25
150 -1
155 34
155 27
155 -1
160 35
160 28
160 -1
165 37
165 30
165 -1
170 39
170 31
170 -1
175 41
175 33
175 -1
180 42
180 35
180 -1
185 44
185 36
185 -1
190 46
190 38
190 -1
195 48
195 39
195 -1
200 49
200 41
200 -1
205 51
205 43
205 -1
210 53
210 44
210 -1
215 55
215 46
215 55
220 56
220 48
220 -1
225 58
225 49
225 -1
230 60
230 51
230 -1
235 62
235 53
235 -1
240 63
240 55
240 -1
245 65
245 56
245 -1
250 67
250 58
250 -1
255 69
255 59
255 -1
260 70
260 61
260 -1
265 72
265 63
265 -1
270 74
270 64
270 -1
275 75
275 66
275 -1
280 77
280 68
280 -1
285 79
285 69
285 -1
290 81
290 71
290 -1
295 82
295 73
295 -1
300 84
300 75
300 -1
305 86
305 76
305 -1
310 88
310 78
310 -1
315 89
315 80
315 -1
320 91
320 82
320 -1
325 93
325 83
325 -1
330 95
330 85
330 -1
335 97
335 87
335 -1
340 98
340 89
340 -1
345 100
345 90
345 -1
350 102
350 92
350 -1
355 104
355 94
355 -1
360 106
360 95
360 -1
365 107
365 97
365 -1
370 109
370 99
370 -1
375 111
375 101
375 -1
380 113
380 102
380 -1
385 115
385 104
385 -1
390 116
390 106
390 -1
395 118
395 107
395 -1
400 120
400 109
400 -1
405 121
405 111
405 -1
410 123
410 112
410 -1
415 125
415 114
415 55
420 127
420 116
420 -1
425 129
425 117
425 -1
430 130
430 119
430 -1
435 132
435 121
435 -1
440 134
440 123
440 -1
445 136
445 124
445 -1
450 138
450 126
450 -1
455 139
455 128
455 -1
460 141
460 129
460 -1
465 143
465 131
465 -1
470 145
470 133
470 -1
475 147
475 134
475 -1
480 149
480 136
480 -1
485 150
485 138
485 -1
490 152
490 139
490 -1
495 154
495 141
495 -1
500 156
500 143
500 -1
505 158
505 145
505 -1
510 159
510 146
510 -1
515 161
515 148
515 -1
520 163
520 150
520 -1
525 165
525 151
525 -1
530 167
530 153
530 -1
535 169
535 155
535 -1
540 170
540 156
540 -1
545 172
545 158
545 -1
550 174
550 159
550 -1
555 175
555 161
555 -1
560 177
560 163
560 -1
565 179
565 165
565 -1
570 181
570 166
570 -1
575 183
575 168
575 -1
580 185
580 169
580 -1
585 186
585 171
585 -1
590 188
590 173
590 -1
595 190
595 175
595 -1
600 192
600 176
600 -1
605 193
605 178
605 -1
610 195
610 180
610 -1
615 197
615 181
615 55
620 199
620 183
620 -1
625 201
625 185
625 -1
630 202
630 186
630 -1
635 204
635 188
635 -1
640 206
640 189
640 -1
645 208
645 191
645 -1
650 210
650 193
650 -1
655 211
655 195
655 -1
660 213
660 196
660 -1
665 215
665 198
665 -1
670 217
670 199
670 -1
675 219
675 201
675 -1
680 220
680 203
680 -1
685 222
685 205
685 -1
690 224
690 206
690 -1
695 226
695 208
695 -1
700 227
700 209
700 -1
705 229
705 211
705 -1
710 231
710 213
710 -1
715 233
715 215
715 -1
720 235
720 216
720 -1
725 237
725 218
725 -1
730 238
730 219
730 -1
735 240
735 221
735 -1
740 242
740 223
740 -1
745 244
745 225
745 -1
750 246
750 226
750 -1
755 247
755 228
755 -1
760 249
760 230
760 -1
765 251
765 231
765 -1
770 253
770 233
770 -1
775 255
775 235
775 -1
780 257
780 237
780 -1
785 259
785 238
785 -1
790 260
790 240
790 -1
795 262
795 242
795 -1
800 264
800 244
800 -1
805 266
805 245
805 -1
810 267
810 247
810 -1
815 269
815 249
815 55
820 271
820 251
820 -1
825 273
825 252
825 -1
830 275
830 254
830 -1
835 277
835 256
835 -1
840 278
840 257
840 -1
845 280
845 259
845 -1
850 282
850 261
850 -1
855 284
855 263
855 -1
860 286
860 264
860 -1
865 287
865 266
865 -1
870 289
870 268
870 -1
875 291
875 270
875 -1
880 293
880 271
880 -1
885 295
885 273
885 -1
890 297
890 275
890 -1
895 298
895 276
895 -1
900 300
900 278
900 -1
905 302
905 280
905 -1
910 304
910 281
910 -1
915 306
915 283
915 -1
920 308
920 285
920 -1
925 309
925 287
925 -1
930 311
930 289
930 -1
935 313
935 290
935 -1
940 315
940 292
940 -1
945 317
945 294
945 -1
950 318
950 295
950 -1
955 320
955 297
955 -1
960 322
960 299
960 -1
965 324
965 301
965 -1
970 326
970 302
970 -1
975 328
975 304
975 -1
980 329
980 306
980 -1
985 331
985 307
985 -1
990 333
990 309
990 -1
995 335
995 311
995 -1
1000 337
1000 313
1000 -1
1005 339
1005 315
1005 -1
1010 340
1010 316
1010 -1
1015 342
1015 318
1015 55
1020 344
1020 320
1020 -1
1025 346
1025 322
1025 -1
1030 348
1030 323
1030 -1
1035 349
1035 325
1035 -1
1040 351
1040 327
1040 -1
1045 353
1045 329
1045 -1
1050 355
1050 330
1050 -1
1055 357
1055 332
1055 -1
1060 359
1060 334
1060 -1
1065 360
1065 336
1065 -1
1070 362
1070 338
1070 -1
1075 364
1075 339
1075 -1
1080 366
1080 341
1080 -1
1085 368
1085 343
1085 -1
1090 369
1090 345
1090 -1
1095 371
1095 346
1095 -1
1100 373
1100 348
1100 -1
1105 375
1105 350
1105 -1
1110 377
1110 352
1110 -1
1115 379
1115 353
1115 -1
1120 380
1120 355
1120 -1
1125 382
1125 357
1125 -1
1130 384
1130 359
1130 -1
1135 386
1135 360
1135 -1
1140 388
1140 362
1140 -1
1145 389
1145 364
1145 -1
1150 391
1150 366
1150 -1
1155 393
1155 367
1155 -1
1160 395
1160 369
1160 -1
1165 397
1165 371
1165 -1
1170 399
1170 373
1170 -1
1175 400
1175 374
1175 -1
1180 402
1180 376
1180 -1
1185 404
1185 378
1185 -1
1190 406
1190 380
1190 -1
1195 408
1195 382
1195 -1
1200 410
1200 383
1200 -1
1205 411
1205 385
1205 -1
1210 413
1210 387
1210 -1
1215 415
1215 389
1215 55
1220 417
1220 390
1220 -1
1225 419
1225 392
1225 -1
1230 420
1230 394
1230 -1
1235 422
1235 395
1235 -1
1240 424
1240 397
1240 -1
1245 426
1245 399
1245 -1
1250 428
1250 401
1250 -1
1255 430
1255 402
1255 -1
1260 431
1260 404
1260 -1
1265 433
1265 406
1265 -1
1270 435
1270 408
1270 -1
1275 437
1275 409
1275 -1
1280 439
1280 411
1280 -1
1285 440
1285 413
1285 -1
1290 442
1290 415
1290 -1
1295 444
1295 416
1295 -1
1300 446
1300 418
1300 -1
1305 448
1305 420
1305 -1
1310 449
1310 421
1310 -1
1315 451
1315 423
1315 -1
1320 453
1320 425
1320 -1
1325 455
1325 427
1325 -1
1330 457
1330 429
1330 -1
1335 459
1335 430
1335 -1
1340 460
1340 432
1340 -1
1345 462
1345 434
1345 -1
1350 464
1350 435
1350 -1
1355 466
1355 437
1355 -1
1360 468
1360 439
1360 -1
1365 469
1365 441
1365 -1
1370 471
1370 442
1370 -1
1375 473
1375 444
1375 -1
1380 475
1380 446
1380 -1
1385 477
1385 447
1385 -1
1390 478
1390 449
1390 -1
1395 480
1395 451
1395 -1
1400 482
1400 453
1400 -1
1405 483
1405 455
1405 -1
1410 485
1410 456
1410 -1
1415 487
1415 458
1415 55
1420 489
1420 460
1420 -1
1425 491
1425 461
1425 -1
1430 493
1430 463
1430 -1
1435 494
1435 465
1435 -1
1440 496
1440 467
1440 -1
1445 498
1445 468
1445 -1
1450 500
1450 470
1450 -1
1455 501
1455 472
1455 -1
1460 503
1460 473
1460 -1
1465 505
1465 475
1465 -1
1470 507
1470 477
1470 -1
1475 508
1475 479
1475 -1
1480 510
1480 480
1480 -1
1485 512
1485 482
1485 -1
1490 514
1490 484
1490 -1
1495 516
1495 485
1495 -1
1500 517
1500 487
1500 -1
1505 519
1505 489
1505 -1
1510 521
1510 491
1510 -1
1515 523
1515 492
1515 -1
1520 525
1520 494
1520 -1
1525 527
1525 496
1525 -1
1530 528
1530 497
1530 -1
1535 530
1535 499
1535 -1
1540 532
1540 501
1540 -1
1545 534
1545 502
1545 -1
1550 535
1550 504
1550 -1
1555 537
1555 506
1555 -1
1560 539
1560 507
1560 -1
1565 541
1565 509
1565 -1
1570 543
1570 511
1570 -1
1575 544
1575 513
1575 -1
1580 546
1580 514
1580 -1
1585 548
1585 516
1585 -1
1590 550
1590 517
1590 -1
1595 551
1595 519
1595 -1
1600 553
1600 521
1600 -1
1605 555
1605 523
1605 -1
1610 557
1610 524
1610 -1
1615 558
1615 526
1615 55
1620 560
1620 528
1620 -1
1625 562
1625 529
1625 -1
1630 564
1630 531
1630 -1
1635 565
1635 533
1635 -1
1640 567
1640 534
1640 -1
1645 569
1645 536
1645 -1
1650 571
1650 538
1650 -1
1655 573
1655 539
1655 -1
1660 574
1660 541
1660 -1
1665 576
1665 543
1665 -1
1670 578
1670 545
1670 -1
1675 579
1675 546
1675 -1
1680 581
1680 548
1680 -1
1685 583
1685 550
1685 -1
1690 585
1690 551
1690 -1
1695 587
1695 553
1695 -1
1700 588
1700 555
1700 -1
1705 590
1705 556
1705 -1
1710 592
1710 558
1710 -1
1715 594
1715 560
1715 -1
1720 596
1720 561
1720 -1
1725 597
1725 563
1725 -1
1730 599
1730 565
1730 -1
1735 601
1735 566
1735 -1
1740 603
1740 568
1740 -1
1745 605
1745 570
1745 -1
1750 606
1750 571
1750 -1
1755 608
1755 573
1755 -1
1760 610
1760 575
1760 -1
1765 612
1765 577
1765 -1
1770 613
1770 578
1770 -1
1775 615
1775 580
1775 -1
1780 617
1780 582
1780 -1
1785 619
1785 583
1785 -1
1790 621
1790 585
1790 -1
1795 623
1795 587
1795 -1
1800 624
1800 589
1800 -1
1805 626
1805 590
1805 -1
1810 628
1810 592
1810 -1
1815 630
1815 594
1815 54
1820 632
1820 595
1820 -1
1825 633
1825 597
1825 -1
1830 635
1830 599
1830 -1
1835 637
1835 601
1835 -1
1840 639
1840 602
1840 -1
1845 641
1845 604
1845 -1
1850 643
1850 606
1850 -1
1855 645
1855 608
1855 -1
1860 646
1860 609
1860 -1
1865 648
1865 611
1865 -1
1870 650
1870 613
1870 -1
1875 652
1875 615
1875 -1
1880 653
1880 616
1880 -1
1885 655
1885 618
1885 -1
1890 657
1890 620
1890 -1
1895 659
1895 621
1895 -1
1900 661
1900 623
1900 -1
1905 663
1905 625
1905 -1
1910 665
1910 627
1910 -1
1915 666
1915 628
1915 -1
1920 668
1920 630
1920 -1
1925 670
1925 632
1925 -1
1930 672
1930 633
1930 -1
1935 674
1935 635
1935 -1
1940 675
1940 637
1940 -1
1945 677
1945 639
1945 -1
1950 679
1950 640
1950 -1
1955 681
1955 642
1955 -1
1960 683
1960 644
1960 -1
1965 685
1965 645
1965 -1
1970 686
1970 647
1970 -1
1975 688
1975 649
1975 -1
1980 690
1980 651
1980 -1
1985 692
1985 652
1985 -1
1990 694
1990 654
1990 -1
1995 695
1995 656
1995 -1
2000 697
2000 657
2000 -1
2005 699
2005 659
2005 -1
2010 701
2010 661
2010 -1
2015 703
2015 663
2015 54
2020 705
2020 664
2020 -1
2025 706
2025 666
2025 -1
2030 708
2030 668
2030 -1
2035 710
2035 669
2035 -1
2040 712
2040 671
2040 -1
2045 714
2045 673
2045 -1
2050 716
2050 675
2050 -1
2055 717
2055 677
2055 -1
2060 719
2060 678
2060 -1
2065 721
2065 680
2065 -1
2070 723
2070 682
2070 -1
2075 725
2075 683
2075 -1
2080 726
2080 685
2080 -1
2085 728
2085 687
2085 -1
2090 730
2090 689
2090 -1
2095 732
2095 690
2095 -1
2100 734
2100 692
2100 -1
2105 736
2105 694
2105 -1
2110 737
2110 696
2110 -1
2115 739
2115 697
2115 -1
2120 741
2120 699
2120 -1
2125 743
2125 701
2125 -1
2130 745
2130 703
2130 -1
2135 746
2135 704
2135 -1
2140 748
2140 706
2140 -1
2145 750
2145 708
2145 -1
2150 752
2150 710
2150 -1
2155 754
2155 711
2155 -1
2160 755
2160 713
2160 -1
2165 757
2165 715
2165 -1
2170 759
2170 717
2170 -1
2175 761
2175 719
2175 -1
2180 763
2180 720
2180 -1
2185 764
2185 722
2185 -1
2190 766
2190 724
2190 -1
2195 768
2195 726
2195 -1
2200 770
2200 728
2200 -1
2205 771
2205 729
2205 -1
2210 773
2210 731
2210 -1
2215 775
2215 733
2215 54
2220 777
2220 735
2220 -1
2225 779
2225 737
2225 -1
2230 780
2230 738
2230 -1
2235 782
2235 740
2235 -1
2240 784
2240 742
2240 -1
2245 786
2245 744
2245 -1
2250 787
2250 746
2250 -1
2255 789
2255 747
2255 -1
2260 791
2260 749
2260 -1
2265 793
2265 751
2265 -1
2270 794
2270 753
2270 -1
2275 796
2275 755
2275 -1
2280 798
2280 756
2280 -1
2285 800
2285 758
2285 -1
2290 801
2290 760
2290 -1
2295 803
2295 762
2295 -1
2300 805
2300 763
2300 -1
2305 807
2305 765
2305 -1
2310 809
2310 767
2310 -1
2315 810
2315 769
2315 -1
2320 812
2320 771
2320 -1
2325 814
2325 772
2325 -1
2330 816
2330 774
2330 -1
2335 817
2335 776
2335 -1
2340 819
2340 778
2340 -1
2345 821
2345 779
2345 -1
2350 823
2350 781
2350 -1
2355 825
2355 783
2355 -1
2360 826
2360 785
2360 -1
2365 828
2365 786
2365 -1
2370 830
2370 788
2370 -1
2375 832
2375 790
2375 -1
2380 833
2380 792
2380 -1
2385 835
2385 793
2385 -1
2390 837
2390 795
2390 -1
2395 839
2395 797
2395 -1
2400 841
2400 799
2400 -1
2405 842
2405 800
2405 -1
2410 844
2410 802
2410 -1
2415 846
2415 804
2415 53
2420 847
2420 805
2420 -1
2425 849
2425 807
2425 -1
2430 851
2430 809
2430 -1
2435 853
2435 811
2435 -1
2440 855
2440 812
2440 -1
2445 856
2445 814
2445 -1
2450 858
2450 816
2450 -1
2455 860
2455 818
2455 -1
2460 862
2460 819
2460 -1
2465 864
2465 821
2465 -1
2470 865
2470 823
2470 -1
2475 867
2475 825
2475 -1
2480 869
2480 826
2480 -1
2485 871
2485 828
2485 -1
2490 872
2490 830
2490 -1
2495 874
2495 831
2495 -1
2500 876
2500 833
2500 -1
2505 878
2505 835
2505 -1
2510 880
2510 837
2510 -1
2515 881
2515 838
2515 -1
2520 883
2520 840
2520 -1
2525 885
2525 842
2525 -1
2530 887
2530 843
2530 -1
2535 889
2535 845
2535 -1
2540 890
2540 847
2540 -1
2545 892
2545 849
2545 -1
2550 894
2550 850
2550 -1
2555 895
2555 852
2555 -1
2560 897
2560 853
2560 -1
2565 899
2565 855
2565 -1
2570 901
2570 857
2570 -1
2575 903
2575 859
2575 -1
2580 904
2580 860
2580 -1
2585 906
2585 862
2585 -1
2590 908
2590 863
2590 -1
2595 910
2595 865
2595 -1
2600 912
2600 867
2600 -1
2605 913
2605 869
2605 -1
2610 915
2610 870
2610 -1
2615 917
2615 872
2615 52
2620 919
2620 873
2620 -1
2625 920
2625 875
2625 -1
2630 922
2630 877
2630 -1
2635 924
2635 878
2635 -1
2640 926
2640 880
2640 -1
2645 927
2645 882
2645 -1
2650 929
2650 883
2650 -1
2655 931
2655 885
2655 -1
2660 933
2660 887
2660 -1
2665 934
2665 888
2665 -1
2670 936
2670 890
2670 -1
2675 938
2675 892
2675 -1
2680 940
2680 893
2680 -1
2685 941
2685 895
2685 -1
2690 943
2690 897
2690 -1
2695 945
2695 899
2695 -1
2700 947
2700 900
2700 -1
2705 948
2705 902
2705 -1
2710 950
2710 903
2710 -1
2715 952
2715 905
2715 -1
2720 954
2720 907
2720 -1
2725 955
2725 909
2725 -1
2730 957
2730 910
2730 -1
2735 959
2735 912
2735 -1
2740 961
2740 914
2740 -1
2745 962
2745 915
2745 -1
2750 964
2750 917
2750 -1
2755 966
2755 919
2755 -1
2760 968
2760 921
2760 -1
2765 969
2765 922
2765 -1
2770 971
2770 924
2770 -1
2775 973
2775 926
2775 -1
2780 975
2780 927
2780 -1
2785 977
2785 929
2785 -1
2790 978
2790 931
2790 -1
2795 980
2795 933
2795 -1
2800 982
2800 934
2800 -1
2805 984
2805 936
2805 -1
2810 985
2810 938
2810 -1
2815 987
2815 939
2815 56
2820 989
2820 941
2820 -1
2825 991
2825 943
2825 -1
2830 993
2830 945
2830 -1
2835 994
2835 946
2835 -1
2840 996
2840 948
2840 -1
2845 998
2845 950
2845 -1
2850 1000
2850 951
2850 -1
2855 1001
2855 953
2855 -1
2860 1003
2860 955
2860 -1
2865 1005
2865 957
2865 -1
2870 1007
2870 958
2870 -1
2875 1009
2875 960
2875 -1
2880 1011
2880 962
2880 -1
2885 1012
2885 964
2885 -1
2890 1014
2890 965
2890 -1
2895 1016
2895 967
2895 -1
2900 1018
2900 969
2900 -1
2905 1020
2905 971
2905 -1
2910 1021
2910 972
2910 -1
2915 1023
2915 974
2915 -1
2920 1025
2920 976
2920 -1
2925 1027
2925 977
2925 -1
2930 1029
2930 979
2930 -1
2935 1031
2935 981
2935 -1
2940 1032
2940 983
2940 -1
2945 1034
2945 985
2945 -1
2950 1036
2950 986
2950 -1
2955 1038
2955 988
2955 -1
2960 1039
2960 990
2960 -1
2965 1041
2965 991
2965 -1
2970 1043
2970 993
2970 -1
2975 1045
2975 995
2975 -1
2980 1047
2980 997
2980 -1
2985 1049
2985 999
2985 -1
2990 1051
2990 1000
2990 -1
2995 1052
2995 1002
2995 -1
3000 1054
3000 1004
3000 -1
3005 1056
3005 1006
3005 -1
3010 1058
3010 1007
3010 -1
3015 1059
3015 1009
3015 52
3020 1061
3020 1011
3020 -1
3025 1063
3025 1013
3025 -1
3030 1065
3030 1014
3030 -1
3035 1067
3035 1016
3035 -1
3040 1069
3040 1018
3040 -1
3045 1071
3045 1020
3045 -1
3050 1072
3050 1021
3050 -1
3055 1074
3055 1023
3055 -1
3060 1076
3060 1025
3060 -1
3065 1078
3065 1027
3065 -1
3070 1080
3070 1029
3070 -1
3075 1081
3075 1030
3075 -1
3080 1083
3080 1032
3080 -1
3085 1085
3085 1034
3085 -1
3090 1087
3090 1035
3090 -1
3095 1089
3095 1037
3095 -1
3100 1091
3100 1039
3100 -1
3105 1092
3105 1041
3105 -1
3110 1094
3110 1042
3110 -1
3115 1096
3115 1044
3115 -1
3120 1098
3120 1046
3120 -1
3125 1100
3125 1047
3125 -1
3130 1102
3130 1049
3130 -1
3135 1103
3135 1051
3135 -1
3140 1105
3140 1053
3140 -1
3145 1107
3145 1055
3145 -1
3150 1109
3150 1056
3150 -1
3155 1111
3155 1058
3155 -1
3160 1113
3160 1060
3160 -1
3165 1114
3165 1061
3165 -1
3170 1116
3170 1063
3170 -1
3175 1118
3175 1065
3175 -1
3180 1120
3180 1067
3180 -1
3185 1122
3185 1069
3185 -1
3190 1124
3190 1070
3190 -1
3195 1125
3195 1072
3195 -1
3200 1127
3200 1074
3200 -1
3205 1129
3205 1076
3205 -1
3210 1131
3210 1077
3210 -1
3215 1133
3215 1079
3215 51
3220 1134
3220 1081
3220 -1
3225 1136
3225 1083
3225 -1
3230 1138
3230 1085
3230 -1
3235 1140
3235 1086
3235 -1
3240 1142
3240 1088
3240 -1
3245 1143
3245 1090
3245 -1
3250 1145
3250 1091
3250 -1
3255 1147
3255 1093
3255 -1
3260 1149
3260 1095
3260 -1
3265 1151
3265 1097
3265 -1
3270 1152
3270 1099
3270 -1
3275 1154
3275 1100
3275 -1
3280 1156
3280 1102
3280 -1
3285 1158
3285 1104
3285 -1
3290 1159
3290 1106
3290 -1
3295 1161
3295 1107
3295 -1
3300 1163
3300 1109
3300 -1
3305 1165
3305 1111
3305 -1
3310 1167
3310 1113
3310 -1
3315 1168
3315 1114
3315 -1
3320 1170
3320 1116
3320 -1
3325 1172
3325 1118
3325 -1
3330 1174
3330 1120
3330 -1
3335 1176
3335 1121
3335 -1
3340 1177
3340 1123
3340 -1
3345 1179
3345 1125
3345 -1
3350 1181
3350 1127
3350 -1
3355 1183
3355 1128
3355 -1
3360 1185
3360 1130
3360 -1
3365 1186
3365 1132
3365 -1
3370 1188
3370 1134
3370 -1
3375 1190
3375 1135
3375 -1
3380 1192
3380 1137
3380 -1
3385 1193
3385 1139
3385 -1
3390 1195
3390 1141
3390 -1
3395 1197
3395 1142
3395 -1
3400 1199
3400 1144
3400 -1
3405 1201
3405 1146
3405 -1
3410 1202
3410 1147
3410 -1
3415 1204
3415 1149
3415 51
3420 1206
3420 1151
3420 -1
3425 1208
3425 1153
3425 -1
3430 1209
3430 1154
3430 -1
3435 1211
3435 1156
3435 -1
3440 1213
3440 1158
3440 -1
3445 1215
3445 1159
3445 -1
3450 1217
3450 1161
3450 -1
3455 1218
3455 1163
3455 -1
3460 1220
3460 1165
3460 -1
3465 1222
3465 1166
3465 -1
3470 1223
3470 1168
3470 -1
3475 1225
3475 1170
3475 -1
3480 1227
3480 1172
3480 -1
3485 1229
3485 1173
3485 -1
3490 1230
3490 1175
3490 -1
3495 1232
3495 1177
3495 -1
3500 1234
3500 1179
3500 -1
3505 1236
3505 1181
3505 -1
3510 1237
3510 1182
3510 -1
3515 1239
3515 1184
3515 -1
3520 1241
3520 1186
3520 -1
3525 1243
3525 1187
3525 -1
3530 1245
3530 1189
3530 -1
3535 1246
3535 1191
3535 -1
3540 1248
3540 1193
3540 -1
3545 1250
3545 1194
3545 -1
3550 1251
3550 1196
3550 -1
3555 1253
3555 1198
3555 -1
3560 1255
3560 1199
3560 -1
3565 1257
3565 1201
3565 -1
3570 1259
3570 1203
3570 -1
3575 1260
3575 1205
3575 -1
3580 1262
3580 1206
3580 -1
3585 1264
3585 1208
3585 -1
3590 1266
3590 1210
3590 -1
3595 1267
3595 1211
3595 -1
3600 1269
3600 1213
3600 -1
3605 1271
3605 1215
3605 -1
3610 1273
3610 1217
3610 -1
3615 1275
3615 1218
3615 50
3620 1276
3620 1220
3620 -1
3625 1278
3625 1222
3625 -1
3630 1280
3630 1223
3630 -1
3635 1282
3635 1225
3635 -1
3640 1283
3640 1227
3640 -1
3645 1285
3645 1228
3645 -1
3650 1287
3650 1230
3650 -1
3655 1289
3655 1232
3655 -1
3660 1291
3660 1233
3660 -1
3665 1292
3665 1235
3665 -1
3670 1294
3670 1237
3670 -1
3675 1296
3675 1238
3675 -1
3680 1297
3680 1240
3680 -1
3685 1299
3685 1242
3685 -1
3690 1301
3690 1243
3690 -1
3695 1303
3695 1245
3695 -1
3700 1304
3700 1247
3700 -1
3705 1306
3705 1248
3705 -1
3710 1308
3710 1250
3710 -1
3715 1310
3715 1252
3715 -1
3720 1311
3720 1253
3720 -1
3725 1313
3725 1255
3725 -1
3730 1315
3730 1257
3730 -1
3735 1317
3735 1259
3735 -1
3740 1319
3740 1260
3740 -1
3745 1320
3745 1262
3745 -1
3750 1322
3750 1263
3750 -1
3755 1324
3755 1265
3755 -1
3760 1325
3760 1267
3760 -1
3765 1327
3765 1269
3765 -1
3770 1329
3770 1270
3770 -1
3775 1331
3775 1272
3775 -1
3780 1333
3780 1274
3780 -1
3785 1334
3785 1275
3785 -1
3790 1336
3790 1277
3790 -1
3795 1338
3795 1279
3795 -1
3800 1340
3800 1281
3800 -1
3805 1342
3805 1282
3805 -1
3810 1343
3810 1284
3810 -1
3815 1345
3815 1285
3815 49
3820 1347
3820 1287
3820 -1
3825 1349
3825 1289
3825 -1
3830 1350
3830 1291
3830 -1
3835 1352
3835 1292
3835 -1
3840 1354
3840 1294
3840 -1
3845 1356
3845 1296
3845 -1
3850 1358
3850 1297
3850 -1
3855 1359
3855 1299
3855 -1
3860 1361
3860 1301
3860 -1
3865 1363
3865 1303
3865 -1
3870 1365
3870 1304
3870 -1
3875 1367
3875 1306
3875 -1
3880 1369
3880 1307
3880 -1
3885 1370
3885 1309
3885 -1
3890 1372
3890 1311
3890 -1
3895 1374
3895 1313
3895 -1
3900 1376
3900 1314
3900 -1
3905 1377
3905 1316
3905 -1
3910 1379
3910 1318
3910 -1
3915 1381
3915 1319
3915 -1
3920 1383
3920 1321
3920 -1
3925 1385
3925 1323
3925 -1
3930 1387
3930 1325
3930 -1
3935 1388
3935 1326
3935 -1
3940 1390
3940 1328
3940 -1
3945 1392
3945 1330
3945 -1
3950 1394
3950 1331
3950 -1
3955 1395
3955 1333
3955 -1
3960 1397
3960 1335
3960 -1
3965 1399
3965 1337
3965 -1
3970 1401
3970 1338
3970 -1
3975 1403
3975 1340
3975 -1
3980 1405
3980 1342
3980 -1
3985 1406
3985 1344
3985 -1
3990 1408
3990 1345
3990 -1
3995 1410
3995 1347
3995 -1
4000 1412
4000 1349
4000 -1
4005 1414
4005 1351
4005 -1
4010 1415
4010 1352
4010 -1
4015 1417
4015 1354
4015 49
4020 1419
4020 1356
4020 -1
4025 1421
4025 1358
4025 -1
4030 1423
4030 1359
4030 -1
4035 1425
4035 1361
4035 -1
4040 1426
4040 1363
4040 -1
4045 1428
4045 1365
4045 -1
4050 1430
4050 1366
4050 -1
4055 1432
4055 1368
4055 -1
4060 1434
4060 1370
4060 -1
4065 1435
4065 1372
4065 -1
4070 1437
4070 1373
4070 -1
4075 1439
4075 1375
4075 -1
4080 1441
4080 1377
4080 -1
4085 1443
4085 1379
4085 -1
4090 1445
4090 1380
4090 -1
4095 1446
4095 1382
4095 -1
4100 1448
4100 1384
4100 -1
4105 1450
4105 1385
4105 -1
4110 1452
4110 1387
4110 -1
4115 1454
4115 1389
4115 -1
4120 1455
4120 1391
4120 -1
4125 1457
4125 1393
4125 -1
4130 1459
4130 1394
4130 -1
4135 1461
4135 1396
4135 -1
4140 1463
4140 1398
4140 -1
4145 1465
4145 1399
4145 -1
4150 1466
4150 1401
4150 -1
4155 1468
4155 1403
4155 -1
4160 1470
4160 1405
4160 -1
4165 1472
4165 1407
4165 -1
4170 1474
4170 1408
4170 -1
4175 1476
4175 1410
4175 -1
4180 1477
4180 1412
4180 -1
4185 1479
4185 1414
4185 -1
4190 1481
4190 1415
4190 -1
4195 1483
4195 1417
4195 -1
4200 1485
4200 1419
4200 -1
4205 1487
4205 1421
4205 -1
4210 1488
4210 1423
4210 -1
4215 1490
4215 1424
4215 48
4220 1492
4220 1426
4220 -1
4225 1494
4225 1428
4225 -1
4230 1496
4230 1430
4230 -1
4235 1497
4235 1431
4235 -1
4240 1499
4240 1433
4240 -1
4245 1501
4245 1435
4245 -1
4250 1503
4250 1437
4250 -1
4255 1505
4255 1439
4255 -1
4260 1506
4260 1440
4260 -1
4265 1508
4265 1442
4265 -1
4270 1510
4270 1444
4270 -1
4275 1512
4275 1446
4275 -1
4280 1513
4280 1447
4280 -1
4285 1515
4285 1449
4285 -1
4290 1517
4290 1451
4290 -1
4295 1519
4295 1453
4295 -1
4300 1521
4300 1455
4300 -1
4305 1522
4305 1456
4305 -1
4310 1524
4310 1458
4310 -1
4315 1526
4315 1460
4315 -1
4320 1528
4320 1462
4320 -1
4325 1530
4325 1463
4325 -1
4330 1531
4330 1465
4330 -1
4335 1533
4335 1467
4335 -1
4340 1535
4340 1469
4340 -1
4345 1537
4345 1471
4345 -1
4350 1539
4350 1472
4350 -1
4355 1541
4355 1474
4355 -1
4360 1542
4360 1476
4360 -1
4365 1544
4365 1477
4365 -1
4370 1546
4370 1479
4370 -1
4375 1548
4375 1481
4375 -1
4380 1550
4380 1483
4380 -1
4385 1551
4385 1484
4385 -1
4390 1553
4390 1486
4390 -1
4395 1555
4395 1488
4395 -1
4400 1557
4400 1490
4400 -1
4405 1559
4405 1491
4405 -1
4410 1560
4410 1493
4410 -1
4415 1562
4415 1495
4415 47
4420 1564
4420 1497
4420 -1
4425 1566
4425 1498
4425 -1
4430 1567
4430 1500
4430 -1
4435 1569
4435 1502
4435 -1
4440 1571
4440 1503
4440 -1
4445 1573
4445 1505
4445 -1
4450 1575
4450 1507
4450 -1
4455 1576
4455 1509
4455 -1
4460 1578
4460 1510
4460 -1
4465 1580
4465 1512
4465 -1
4470 1582
4470 1514
4470 -1
4475 1583
4475 1515
4475 -1
4480 1585
4480 1517
4480 -1
4485 1587
4485 1519
4485 -1
4490 1589
4490 1521
4490 -1
4495 1590
4495 1523
4495 -1
4500 1592
4500 1524
4500 -1
4505 1594
4505 1526
4505 -1
4510 1596
4510 1528
4510 -1
4515 1597
4515 1529
4515 -1
4520 1599
4520 1531
4520 -1
4525 1601
4525 1533
4525 -1
4530 1603
4530 1535
4530 -1
4535 1605
4535 1537
4535 -1
4540 1606
4540 1538
4540 -1
4545 1608
4545 1540
4545 -1
4550 1610
4550 1542
4550 -1
4555 1611
4555 1543
4555 -1
4560 1613
4560 1545
4560 -1
4565 1615
4565 1547
4565 -1
4570 1617
4570 1549
4570 -1
4575 1619
4575 1550
4575 -1
4580 1620
4580 1552
4580 -1
4585 1622
4585 1554
4585 -1
4590 1624
4590 1555
4590 -1
4595 1626
4595 1557
4595 -1
4600 1627
4600 1559
4600 -1
4605 1629
4605 1561
4605 -1
4610 1631
4610 1562
4610 -1
4615 1633
4615 1564
4615 47
4620 1635
4620 1565
4620 -1
4625 1636
4625 1567
4625 -1
4630 1638
4630 1569
4630 -1
4635 1640
4635 1571
4635 -1
4640 1641
4640 1572
4640 -1
4645 1643
4645 1574
4645 -1
4650 1645
4650 1575
4650 -1
4655 1647
4655 1577
4655 -1
4660 1649
4660 1579
4660 -1
4665 1650
4665 1581
4665 -1
4670 1652
4670 1582
4670 -1
4675 1654
4675 1584
4675 -1
4680 1656
4680 1585
4680 -1
4685 1657
4685 1587
4685 -1
4690 1659
4690 1589
4690 -1
4695 1661
4695 1591
4695 -1
4700 1663
4700 1592
4700 -1
4705 1664
4705 1594
4705 -1
4710 1666
4710 1595
4710 -1
4715 1668
4715 1597
4715 -1
4720 1670
4720 1599
4720 -1
4725 1671
4725 1601
4725 -1
4730 1673
4730 1602
4730 -1
4735 1675
4735 1604
4735 -1
4740 1677
4740 1606
4740 -1
4745 1679
4745 1607
4745 -1
4750 1680
4750 1609
4750 -1
4755 1682
4755 1611
4755 -1
4760 1684
4760 1613
4760 -1
4765 1685
4765 1614
4765 -1
4770 1687
4770 1616
4770 -1
4775 1689
4775 1618
4775 -1
4780 1691
4780 1619
4780 -1
4785 1693
4785 1621
4785 -1
4790 1694
4790 1623
4790 -1
4795 1696
4795 1625
4795 -1
4800 1698
4800 1626
4800 -1
4805 1700
4805 1628
4805 -1
4810 1701
4810 1630
4810 -1
4815 1703
4815 1631
4815 46
4820 1705
4820 1633
4820 -1
4825 1707
4825 1635
4825 -1
4830 1708
4830 1637
4830 -1
4835 1710
4835 1638
4835 -1
4840 1712
4840 1640
4840 -1
4845 1714
4845 1641
4845 -1
4850 1716
4850 1643
4850 -1
4855 1717
4855 1645
4855 -1
4860 1719
4860 1647
4860 -1
4865 1721
4865 1648
4865 -1
4870 1723
4870 1650
4870 -1
4875 1725
4875 1652
4875 -1
4880 1726
4880 1653
4880 -1
4885 1728
4885 1655
4885 -1
4890 1730
4890 1657
4890 -1
4895 1732
4895 1658
4895 -1
4900 1733
4900 1660
4900 -1
4905 1735
4905 1662
4905 -1
4910 1737
4910 1663
4910 -1
4915 1739
4915 1665
4915 -1
4920 1741
4920 1667
4920 -1
4925 1743
4925 1669
4925 -1
4930 1744
4930 1670
4930 -1
4935 1746
4935 1672
4935 -1
4940 1748
4940 1674
4940 -1
4945 1750
4945 1675
4945 -1
4950 1752
4950 1677
4950 -1
4955 1753
4955 1679
4955 -1
4960 1755
4960 1681
4960 -1
4965 1757
4965 1682
4965 -1
4970 1759
4970 1684
4970 -1
4975 1761
4975 1686
4975 -1
4980 1762
4980 1687
4980 -1
4985 1764
4985 1689
4985 -1
4990 1766
4990 1691
4990 -1
4995 1768
4995 1693
4995 -1
5000 1769
5000 1694
5000 -1
5005 1771
5005 1696
5005 -1
5010 1773
5010 1698
5010 -1
5015 1775
5015 1700
5015 45
5020 1777
5020 1701
5020 -1
5025 1779
5025 1703
5025 -1
5030 1780
5030 1705
5030 -1
5035 1782
5035 1707
5035 -1
5040 1784
5040 1709
5040 -1
5045 1786
5045 1710
5045 -1
5050 1787
5050 1712
5050 -1
5055 1789
5055 1714
5055 -1
5060 1791
5060 1715
5060 -1
5065 1793
5065 1717
5065 -1
5070 1795
5070 1719
5070 -1
5075 1797
5075 1721
5075 -1
5080 1798
5080 1722
5080 -1
5085 1800
5085 1724
5085 -1
5090 1802
5090 1726
5090 -1
5095 1804
5095 1727
5095 -1
5100 1805
5100 1729
5100 -1
5105 1807
5105 1731
5105 -1
5110 1809
5110 1733
5110 -1
5115 1811
5115 1735
5115 -1
5120 1813
5120 1736
5120 -1
5125 1815
5125 1738
5125 -1
5130 1817
5130 1740
5130 -1
5135 1818
5135 1741
5135 -1
5140 1820
5140 1743
5140 -1
5145 1822
5145 1745
5145 -1
5150 1824
5150 1747
5150 -1
5155 1825
5155 1748
5155 -1
5160 1827
5160 1750
5160 -1
5165 1829
5165 1752
5165 -1
5170 1831
5170 1753
5170 -1
5175 1833
5175 1755
5175 -1
5180 1835
5180 1757
5180 -1
5185 1836
5185 1759
5185 -1
5190 1838
5190 1760
5190 -1
5195 1840
5195 1762
5195 -1
5200 1842
5200 1764
5200 -1
5205 1844
5205 1765
5205 -1
5210 1846
5210 1767
5210 -1
5215 1847
5215 1769
5215 44
5220 1849
5220 1771
5220 -1
5225 1851
5225 1773
5225 -1
5230 1853
5230 1774
5230 -1
5235 1855
5235 1776
5235 -1
5240 1856
5240 1778
5240 -1
5245 1858
5245 1780
5245 -1
5250 1860
5250 1781
5250 -1
5255 1862
5255 1783
5255 -1
5260 1863
5260 1785
5260 -1
5265 1865
5265 1787
5265 -1
5270 1867
5270 1789
5270 -1
5275 1869
5275 1790
5275 -1
5280 1871
5280 1792
5280 -1
5285 1872
5285 1794
5285 -1
5290 1874
5290 1796
5290 -1
5295 1876
5295 1797
5295 -1
5300 1878
5300 1799
5300 -1
5305 1879
5305 1801
5305 -1
5310 1881
5310 1803
5310 -1
5315 1883
5315 1805
5315 -1
5320 1885
5320 1806
5320 -1
5325 1887
5325 1808
5325 -1
5330 1888
5330 1810
5330 -1
5335 1890
5335 1812
5335 -1
5340 1892
5340 1813
5340 -1
5345 1894
5345 1815
5345 -1
5350 1895
5350 1817
5350 -1
5355 1897
5355 1819
5355 -1
5360 1899
5360 1821
5360 -1
5365 1901
5365 1822
5365 -1
5370 1903
5370 1824
5370 -1
5375 1904
5375 1826
5375 -1
5380 1906
5380 1828
5380 -1
5385 1908
5385 1829
5385 -1
5390 1910
5390 1831
5390 -1
5395 1912
5395 1833
5395 -1
5400 1913
5400 1835
5400 -1
5405 1915
5405 1836
5405 -1
5410 1917
5410 1838
5410 -1
5415 1919
5415 1840
5415 43
5420 1921
5420 1841
5420 -1
5425 1922
5425 1843
5425 -1
5430 1924
5430 1845
5430 -1
5435 1926
5435 1847
5435 -1
5440 1928
5440 1848
5440 -1
5445 1929
5445 1850
5445 -1
5450 1931
5450 1852
5450 -1
5455 1933
5455 1853
5455 -1
5460 1935
5460 1855
5460 -1
5465 1937
5465 1857
5465 -1
5470 1939
5470 1859
5470 -1
5475 1940
5475 1860
5475 -1
5480 1942
5480 1862
5480 -1
5485 1944
5485 1864
5485 -1
5490 1946
5490 1865
5490 -1
5495 1947
5495 1867
5495 -1
5500 1949
5500 1869
5500 -1
5505 1951
5505 1871
5505 -1
5510 1953
5510 1873
5510 -1
5515 1954
5515 1874
5515 -1
5520 1956
5520 1876
5520 -1
5525 1958
5525 1878
5525 -1
5530 1960
5530 1879
5530 -1
5535 1961
5535 1881
5535 -1
5540 1963
5540 1883
5540 -1
5545 1965
5545 1885
5545 -1
5550 1967
5550 1887
5550 -1
5555 1969
5555 1888
5555 -1
5560 1970
5560 1890
5560 -1
5565 1972
5565 1892
5565 -1
5570 1974
5570 1893
5570 -1
5575 1975
5575 1895
5575 -1
5580 1977
5580 1897
5580 -1
5585 1979
5585 1899
5585 -1
5590 1981
5590 1901
5590 -1
5595 1983
5595 1902
5595 -1
5600 1984
5600 1904
5600 -1
5605 1986
5605 1906
5605 -1
5610 1988
5610 1907
5610 -1
5615 1990
5615 1909
5615 42
5620 1991
5620 1911
5620 -1
5625 1993
5625 1913
5625 -1
5630 1995
5630 1914
5630 -1
5635 1997
5635 1916
5635 -1
5640 1998
5640 1918
5640 -1
5645 2000
5645 1919
5645 -1
5650 2002
5650 1921
5650 -1
5655 2004
5655 1923
5655 -1
5660 2005
5660 1924
5660 -1
5665 2007
5665 1926
5665 -1
5670 2009
5670 1928
5670 -1
5675 2011
5675 1929
5675 -1
5680 2012
5680 1931
5680 -1
5685 2014
5685 1933
5685 -1
5690 2016
5690 1935
5690 -1
5695 2018
5695 1936
5695 -1
5700 2019
5700 1938
5700 -1
5705 2021
5705 1939
5705 -1
5710 2023
5710 1941
5710 -1
5715 2025
5715 1943
5715 -1
5720 2026
5720 1945
5720 -1
5725 2028
5725 1946
5725 -1
5730 2030
5730 1948
5730 -1
5735 2032
5735 1949
5735 -1
5740 2033
5740 1951
5740 -1
5745 2035
5745 1953
5745 -1
5750 2037
5750 1955
5750 -1
5755 2039
5755 1956
5755 -1
5760 2041
5760 1958
5760 -1
5765 2042
5765 1960
5765 -1
5770 2044
5770 1961
5770 -1
5775 2046
5775 1963
5775 -1
5780 2047
5780 1965
5780 -1
5785 2049
5785 1967
5785 -1
5790 2051
5790 1968
5790 -1
5795 2053
5795 1970
5795 -1
5800 2055
5800 1972
5800 -1
5805 2056
5805 1973
5805 -1
5810 2058
5810 1975
5810 -1
5815 2060
5815 1977
5815 41
5820 2062
5820 1979
5820 -1
5825 2063
5825 1980
5825 -1
5830 2065
5830 1982
5830 -1
5835 2067
5835 1983
5835 -1
5840 2069
5840 1985
5840 -1
5845 2070
5845 1987
5845 -1
5850 2072
5850 1989
5850 -1
5855 2074
5855 1990
5855 -1
5860 2076
5860 1992
5860 -1
5865 2078
5865 1993
5865 -1
5870 2079
5870 1995
5870 -1
5875 2081
5875 1997
5875 -1
5880 2083
5880 1999
5880 -1
5885 2085
5885 2000
5885 -1
5890 2087
5890 2002
5890 -1
5895 2088
5895 2003
5895 -1
5900 2090
5900 2005
5900 -1
5905 2092
5905 2007
5905 -1
5910 2094
5910 2009
5910 -1
5915 2096
5915 2010
5915 -1
5920 2097
5920 2012
5920 -1
5925 2099
5925 2013
5925 -1
5930 2101
5930 2015
5930 -1
5935 2103
5935 2017
5935 -1
5940 2105
5940 2019
5940 -1
5945 2107
5945 2020
5945 -1
5950 2108
5950 2022
5950 -1
5955 2110
5955 2023
5955 -1
5960 2112
5960 2025
5960 -1
5965 2114
5965 2027
5965 -1
5970 2115
5970 2029
5970 -1
5975 2117
5975 2030
5975 -1
5980 2119
5980 2032
5980 -1
5985 2121
5985 2033
5985 -1
5990 2123
5990 2035
5990 -1
5995 2125
5995 2037
5995 -1
