10 0
10 0
10 -1
15 0
15 0
15 -1
20 0
20 0
20 -1
25 0
25 0
25 -1
30 1
30 1
30 -1
35 2
35 1
35 -1
40 2
40 2
40 -1
45 3
45 3
45 -1
50 4
50 4
50 -1
55 5
55 4
55 -1
60 6
60 5
60 -1
65 8
65 6
65 -1
70 9
70 7
70 -1
75 10
75 8
75 -1
80 12
80 9
80 -1
85 13
85 10
85 -1
90 14
90 12
90 -1
95 16
95 13
95 -1
100 17
100 14
100 -1
105 19
105 15
105 -1
110 20
110 16
110 -1
115 21
115 18
115 -1
120 23
120 19
120 -1
125 24
125 20
125 -1
130 26
130 22
130 -1
135 27
135 23
135 -1
140 29
140 24
140 -1
145 31
145 26
145 -1
150 32
150 27
150 -1
155 34
155 28
155 -1
160 36
160 30
160 -1
165 38
165 31
165 -1
170 39
170 33
170 -1
175 41
175 35
175 -1
180 43
180 36
180 -1
185 45
185 38
185 -1
190 46
190 40
190 -1
195 48
195 41
195 -1
200 50
200 43
200 -1
205 52
205 45
205 0
210 54
210 46
210 -1
215 56
215 48
215 -1
220 57
220 50
220 -1
225 59
225 51
225 -1
230 61
230 53
230 -1
235 63
235 55
235 -1
240 65
240 56
240 -1
245 66
245 58
245 -1
250 68
250 60
250 -1
255 70
255 61
255 -1
260 72
260 63
260 -1
265 73
265 65
265 -1
270 75
270 66
270 -1
275 77
275 68
275 -1
280 79
280 70
280 -1
285 81
285 71
285 -1
290 82
290 73
290 -1
295 84
295 75
295 -1
300 86
300 76
300 -1
305 88
305 78
305 -1
310 90
310 80
310 -1
315 92
315 82
315 -1
320 93
320 83
320 -1
325 95
325 85
325 -1
330 97
330 87
330 -1
335 99
335 88
335 -1
340 101
340 90
340 -1
345 103
345 92
345 -1
350 105
350 94
350 -1
355 107
355 96
355 -1
360 109
360 97
360 -1
365 110
365 99
365 -1
370 112
370 101
370 -1
375 114
375 102
375 -1
380 116
380 104
380 -1
385 117
385 106
385 -1
390 119
390 107
390 -1
395 121
395 109
395 -1
400 123
400 111
400 -1
405 125
405 112
405 41
410 127
410 114
410 -1
415 129
415 116
415 -1
420 130
420 118
420 -1
425 132
425 119
425 -1
430 134
430 121
430 -1
435 136
435 123
435 -1
440 138
440 124
440 -1
445 140
445 126
445 -1
450 141
450 128
450 -1
455 143
455 130
455 -1
460 145
460 131
460 -1
465 147
465 133
465 -1
470 149
470 135
470 -1
475 151
475 136
475 -1
480 153
480 138
480 -1
485 155
485 140
485 -1
490 156
490 142
490 -1
495 158
495 143
495 -1
500 160
500 145
500 -1
505 162
505 147
505 -1
510 164
510 148
510 -1
515 165
515 150
515 -1
520 167
520 152
520 -1
525 169
525 154
525 -1
530 171
530 155
530 -1
535 173
535 157
535 -1
540 174
540 159
540 -1
545 176
545 160
545 -1
550 178
550 162
550 -1
555 180
555 164
555 -1
560 182
560 166
560 -1
565 183
565 167
565 -1
570 185
570 169
570 -1
575 187
575 171
575 -1
580 189
580 172
580 -1
585 191
585 174
585 -1
590 193
590 176
590 -1
595 194
595 178
595 -1
600 196
600 179
600 -1
605 198
605 181
605 41
610 200
610 183
610 -1
615 202
615 184
615 -1
620 203
620 186
620 -1
625 205
625 188
625 -1
630 207
630 190
630 -1
635 209
635 191
635 -1
640 211
640 193
640 -1
645 213
645 195
645 -1
650 214
650 196
650 -1
655 216
655 198
655 -1
660 218
660 200
660 -1
665 220
665 201
665 -1
670 222
670 203
670 -1
675 223
675 205
675 -1
680 225
680 206
680 -1
685 227
685 208
685 -1
690 229
690 210
690 -1
695 231
695 212
695 -1
700 233
700 213
700 -1
705 235
705 215
705 -1
710 236
710 217
710 -1
715 238
715 218
715 -1
720 240
720 220
720 -1
725 242
725 222
725 -1
730 244
730 223
730 -1
735 246
735 225
735 -1
740 248
740 227
740 -1
745 249
745 228
745 -1
750 251
750 230
750 -1
755 253
755 232
755 -1
760 255
760 234
760 -1
765 257
765 235
765 -1
770 259
770 237
770 -1
775 261
775 239
775 -1
780 263
780 241
780 -1
785 264
785 242
785 -1
790 266
790 244
790 -1
795 268
795 246
795 -1
800 270
800 247
800 -1
805 272
805 249
805 41
810 274
810 251
810 -1
815 276
815 253
815 -1
820 277
820 254
820 -1
825 279
825 256
825 -1
830 281
830 258
830 -1
835 283
835 260
835 -1
840 285
840 261
840 -1
845 287
845 263
845 -1
850 288
850 265
850 -1
855 290
855 266
855 -1
860 292
860 268
860 -1
865 294
865 270
865 -1
870 296
870 272
870 -1
875 298
875 273
875 -1
880 299
880 275
880 -1
885 301
885 277
885 -1
890 303
890 278
890 -1
895 305
895 280
895 -1
900 307
900 282
900 -1
905 309
905 284
905 -1
910 311
910 285
910 -1
915 312
915 287
915 -1
920 314
920 289
920 -1
925 316
925 290
925 -1
930 318
930 292
930 -1
935 320
935 294
935 -1
940 322
940 296
940 -1
945 324
945 298
945 -1
950 325
950 299
950 -1
955 327
955 301
955 -1
960 329
960 303
960 -1
965 331
965 304
965 -1
970 333
970 306
970 -1
975 335
975 308
975 -1
980 336
980 310
980 -1
985 338
985 312
985 -1
990 340
990 313
990 -1
995 342
995 315
995 -1
1000 344
1000 317
1000 -1
1005 346
1005 319
1005 40
1010 348
1010 320
1010 -1
1015 349
1015 322
1015 -1
1020 351
1020 324
1020 -1
1025 353
1025 326
1025 -1
1030 355
1030 328
1030 -1
1035 357
1035 330
1035 -1
1040 359
1040 331
1040 -1
1045 361
1045 333
1045 -1
1050 362
1050 335
1050 -1
1055 364
1055 337
1055 -1
1060 366
1060 338
1060 -1
1065 368
1065 340
1065 -1
1070 370
1070 342
1070 -1
1075 372
1075 344
1075 -1
1080 373
1080 346
1080 -1
1085 375
1085 347
1085 -1
1090 377
1090 349
1090 -1
1095 379
1095 351
1095 -1
1100 381
1100 353
1100 -1
1105 383
1105 354
1105 -1
1110 385
1110 356
1110 -1
1115 386
1115 358
1115 -1
1120 388
1120 360
1120 -1
1125 390
1125 362
1125 -1
1130 392
1130 363
1130 -1
1135 394
1135 365
1135 -1
1140 396
1140 367
1140 -1
1145 397
1145 369
1145 -1
1150 399
1150 371
1150 -1
1155 401
1155 372
1155 -1
1160 403
1160 374
1160 -1
1165 405
1165 376
1165 -1
1170 407
1170 378
1170 -1
1175 408
1175 380
1175 -1
1180 410
1180 381
1180 -1
1185 412
1185 383
1185 -1
1190 414
1190 385
1190 -1
1195 416
1195 387
1195 -1
1200 418
1200 388
1200 -1
1205 420
1205 390
1205 40
1210 421
1210 392
1210 -1
1215 423
1215 394
1215 -1
1220 425
1220 396
1220 -1
1225 427
1225 397
1225 -1
1230 429
1230 399
1230 -1
1235 431
1235 401
1235 -1
1240 432
1240 403
1240 -1
1245 434
1245 404
1245 -1
1250 436
1250 406
1250 -1
1255 438
1255 408
1255 -1
1260 440
1260 410
1260 -1
1265 442
1265 412
1265 -1
1270 443
1270 413
1270 -1
1275 445
1275 415
1275 -1
1280 447
1280 417
1280 -1
1285 449
1285 418
1285 -1
1290 451
1290 420
1290 -1
1295 453
1295 422
1295 -1
1300 455
1300 424
1300 -1
1305 456
1305 426
1305 -1
1310 458
1310 427
1310 -1
1315 460
1315 429
1315 -1
1320 462
1320 431
1320 -1
1325 464
1325 432
1325 -1
1330 465
1330 434
1330 -1
1335 467
1335 436
1335 -1
1340 469
1340 438
1340 -1
1345 471
1345 440
1345 -1
1350 473
1350 441
1350 -1
1355 475
1355 443
1355 -1
1360 476
1360 445
1360 -1
1365 478
1365 446
1365 -1
1370 480
1370 448
1370 -1
1375 482
1375 450
1375 -1
1380 484
1380 452
1380 -1
1385 485
1385 454
1385 -1
1390 487
1390 455
1390 -1
1395 489
1395 457
1395 -1
1400 491
1400 459
1400 -1
1405 493
1405 460
1405 40
1410 495
1410 462
1410 -1
1415 497
1415 464
1415 -1
1420 498
1420 466
1420 -1
1425 500
1425 467
1425 -1
1430 502
1430 469
1430 -1
1435 504
1435 471
1435 -1
1440 505
1440 473
1440 -1
1445 507
1445 474
1445 -1
1450 509
1450 476
1450 -1
1455 511
1455 478
1455 -1
1460 513
1460 480
1460 -1
1465 515
1465 481
1465 -1
1470 516
1470 483
1470 -1
1475 518
1475 485
1475 -1
1480 520
1480 486
1480 -1
1485 522
1485 488
1485 -1
1490 523
1490 490
1490 -1
1495 525
1495 492
1495 -1
1500 527
1500 493
1500 -1
1505 529
1505 495
1505 -1
1510 531
1510 497
1510 -1
1515 532
1515 498
1515 -1
1520 534
1520 500
1520 -1
1525 536
1525 502
1525 -1
1530 538
1530 504
1530 -1
1535 540
1535 505
1535 -1
1540 541
1540 507
1540 -1
1545 543
1545 509
1545 -1
1550 545
1550 510
1550 -1
1555 547
1555 512
1555 -1
1560 549
1560 514
1560 -1
1565 550
1565 516
1565 -1
1570 552
1570 517
1570 -1
1575 554
1575 519
1575 -1
1580 556
1580 521
1580 -1
1585 557
1585 522
1585 -1
1590 559
1590 524
1590 -1
1595 561
1595 526
1595 -1
1600 563
1600 528
1600 -1
1605 565
1605 529
1605 39
1610 566
1610 531
1610 -1
1615 568
1615 532
1615 -1
1620 570
1620 534
1620 -1
1625 572
1625 536
1625 -1
1630 573
1630 538
1630 -1
1635 575
1635 539
1635 -1
1640 577
1640 541
1640 -1
1645 579
1645 543
1645 -1
1650 581
1650 544
1650 -1
1655 583
1655 546
1655 -1
1660 584
1660 548
1660 -1
1665 586
1665 550
1665 -1
1670 588
1670 551
1670 -1
1675 590
1675 553
1675 -1
1680 592
1680 555
1680 -1
1685 593
1685 556
1685 -1
1690 595
1690 558
1690 -1
1695 597
1695 560
1695 -1
1700 599
1700 562
1700 -1
1705 601
1705 563
1705 -1
1710 602
1710 565
1710 -1
1715 604
1715 567
1715 -1
1720 606
1720 568
1720 -1
1725 608
1725 570
1725 -1
1730 610
1730 572
1730 -1
1735 611
1735 574
1735 -1
1740 613
1740 575
1740 -1
1745 615
1745 577
1745 -1
1750 617
1750 579
1750 -1
1755 619
1755 580
1755 -1
1760 621
1760 582
1760 -1
1765 622
1765 584
1765 -1
1770 624
1770 586
1770 -1
1775 626
1775 587
1775 -1
1780 628
1780 589
1780 -1
1785 630
1785 591
1785 -1
1790 632
1790 593
1790 -1
1795 633
1795 594
1795 -1
1800 635
1800 596
1800 -1
1805 637
1805 598
1805 39
1810 639
1810 600
1810 -1
1815 641
1815 601
1815 -1
1820 643
1820 603
1820 -1
1825 645
1825 605
1825 -1
1830 646
1830 607
1830 -1
1835 648
1835 608
1835 -1
1840 650
1840 610
1840 -1
1845 652
1845 612
1845 -1
1850 654
1850 614
1850 -1
1855 655
1855 615
1855 -1
1860 657
1860 617
1860 -1
1865 659
1865 619
1865 -1
1870 661
1870 620
1870 -1
1875 663
1875 622
1875 -1
1880 665
1880 624
1880 -1
1885 666
1885 626
1885 -1
1890 668
1890 628
1890 -1
1895 670
1895 629
1895 -1
1900 672
1900 631
1900 -1
1905 674
1905 633
1905 -1
1910 675
1910 634
1910 -1
1915 677
1915 636
1915 -1
1920 679
1920 638
1920 -1
1925 681
1925 640
1925 -1
1930 683
1930 642
1930 -1
1935 685
1935 643
1935 -1
1940 687
1940 645
1940 -1
1945 688
1945 647
1945 -1
1950 690
1950 648
1950 -1
1955 692
1955 650
1955 -1
1960 694
1960 652
1960 -1
1965 696
1965 654
1965 -1
1970 697
1970 655
1970 -1
1975 699
1975 657
1975 -1
1980 701
1980 659
1980 -1
1985 703
1985 661
1985 -1
1990 705
1990 662
1990 -1
1995 707
1995 664
1995 -1
2000 709
2000 666
2000 -1
2005 710
2005 668
2005 38
2010 712
2010 670
2010 -1
2015 714
2015 671
2015 -1
2020 716
2020 673
2020 -1
2025 717
2025 675
2025 -1
2030 719
2030 677
2030 -1
2035 721
2035 678
2035 -1
2040 723
2040 680
2040 -1
2045 725
2045 682
2045 -1
2050 727
2050 684
2050 -1
2055 729
2055 686
2055 -1
2060 730
2060 687
2060 -1
2065 732
2065 689
2065 -1
2070 734
2070 691
2070 -1
2075 736
2075 693
2075 -1
2080 738
2080 695
2080 -1
2085 740
2085 696
2085 -1
2090 741
2090 698
2090 -1
2095 743
2095 700
2095 -1
2100 745
2100 702
2100 -1
2105 747
2105 703
2105 -1
2110 749
2110 705
2110 -1
2115 751
2115 707
2115 -1
2120 752
2120 709
2120 -1
2125 754
2125 711
2125 -1
2130 756
2130 712
2130 -1
2135 758
2135 714
2135 -1
2140 760
2140 716
2140 -1
2145 761
2145 718
2145 -1
2150 763
2150 720
2150 -1
2155 765
2155 721
2155 -1
2160 767
2160 723
2160 -1
2165 769
2165 725
2165 -1
2170 771
2170 726
2170 -1
2175 773
2175 728
2175 -1
2180 774
2180 730
2180 -1
2185 776
2185 732
2185 -1
2190 778
2190 734
2190 -1
2195 780
2195 736
2195 -1
2200 782
2200 737
2200 -1
2205 784
2205 739
2205 38
2210 785
2210 741
2210 -1
2215 787
2215 743
2215 -1
2220 789
2220 744
2220 -1
2225 791
2225 746
2225 -1
2230 793
2230 748
2230 -1
2235 795
2235 750
2235 -1
2240 796
2240 752
2240 -1
2245 798
2245 753
2245 -1
2250 800
2250 755
2250 -1
2255 802
2255 757
2255 -1
2260 804
2260 758
2260 -1
2265 806
2265 760
2265 -1
2270 807
2270 762
2270 -1
2275 809
2275 764
2275 -1
2280 811
2280 766
2280 -1
2285 813
2285 767
2285 -1
2290 815
2290 769
2290 -1
2295 817
2295 771
2295 -1
2300 818
2300 772
2300 -1
2305 820
2305 774
2305 -1
2310 822
2310 776
2310 -1
2315 824
2315 778
2315 -1
2320 826
2320 780
2320 -1
2325 828
2325 781
2325 -1
2330 830
2330 783
2330 -1
2335 831
2335 785
2335 -1
2340 833
2340 787
2340 -1
2345 835
2345 788
2345 -1
2350 837
2350 790
2350 -1
2355 839
2355 792
2355 -1
2360 841
2360 794
2360 -1
2365 843
2365 795
2365 -1
2370 844
2370 797
2370 -1
2375 846
2375 799
2375 -1
2380 848
2380 800
2380 -1
2385 850
2385 802
2385 -1
2390 852
2390 804
2390 -1
2395 853
2395 806
2395 -1
2400 855
2400 808
2400 -1
2405 857
2405 809
2405 37
2410 859
2410 811
2410 -1
2415 861
2415 813
2415 -1
2420 862
2420 815
2420 -1
2425 864
2425 816
2425 -1
2430 866
2430 818
2430 -1
2435 868
2435 820
2435 -1
2440 870
2440 822
2440 -1
2445 871
2445 823
2445 -1
2450 873
2450 825
2450 -1
2455 875
2455 827
2455 -1
2460 877
2460 829
2460 -1
2465 879
2465 830
2465 -1
2470 881
2470 832
2470 -1
2475 882
2475 834
2475 -1
2480 884
2480 836
2480 -1
2485 886
2485 838
2485 -1
2490 888
2490 839
2490 -1
2495 889
2495 841
2495 -1
2500 891
2500 843
2500 -1
2505 893
2505 845
2505 -1
2510 895
2510 846
2510 -1
2515 897
2515 848
2515 -1
2520 899
2520 850
2520 -1
2525 900
2525 852
2525 -1
2530 902
2530 853
2530 -1
2535 904
2535 855
2535 -1
2540 906
2540 857
2540 -1
2545 907
2545 858
2545 -1
2550 909
2550 860
2550 -1
2555 911
2555 862
2555 -1
2560 913
2560 864
2560 -1
2565 915
2565 865
2565 -1
2570 916
2570 867
2570 -1
2575 918
2575 869
2575 -1
2580 920
2580 870
2580 -1
2585 922
2585 872
2585 -1
2590 924
2590 874
2590 -1
2595 925
2595 875
2595 -1
2600 927
2600 877
2600 -1
2605 929
2605 879
2605 37
2610 931
2610 880
2610 -1
2615 933
2615 882
2615 -1
2620 934
2620 884
2620 -1
2625 936
2625 886
2625 -1
2630 938
2630 887
2630 -1
2635 940
2635 889
2635 -1
2640 941
2640 891
2640 -1
2645 943
2645 892
2645 -1
2650 945
2650 894
2650 -1
2655 947
2655 896
2655 -1
2660 949
2660 898
2660 -1
2665 950
2665 899
2665 -1
2670 952
2670 901
2670 -1
2675 954
2675 903
2675 -1
2680 956
2680 904
2680 -1
2685 957
2685 906
2685 -1
2690 959
2690 908
2690 -1
2695 961
2695 910
2695 -1
2700 963
2700 911
2700 -1
2705 965
2705 913
2705 -1
2710 967
2710 915
2710 -1
2715 968
2715 916
2715 -1
2720 970
2720 918
2720 -1
2725 972
2725 920
2725 -1
2730 974
2730 922
2730 -1
2735 976
2735 923
2735 -1
2740 977
2740 925
2740 -1
2745 979
2745 927
2745 -1
2750 981
2750 928
2750 -1
2755 983
2755 930
2755 -1
2760 985
2760 932
2760 -1
2765 986
2765 933
2765 -1
2770 988
2770 935
2770 -1
2775 990
2775 937
2775 -1
2780 992
2780 938
2780 -1
2785 994
2785 940
2785 -1
2790 996
2790 942
2790 -1
2795 997
2795 944
2795 -1
2800 999
2800 945
2800 -1
2805 1001
2805 947
2805 36
2810 1003
2810 949
2810 -1
2815 1005
2815 951
2815 -1
2820 1007
2820 952
2820 -1
2825 1008
2825 954
2825 -1
2830 1010
2830 956
2830 -1
2835 1012
2835 958
2835 -1
2840 1014
2840 960
2840 -1
2845 1016
2845 961
2845 -1
2850 1017
2850 963
2850 -1
2855 1019
2855 965
2855 -1
2860 1021
2860 966
2860 -1
2865 1023
2865 968
2865 -1
2870 1025
2870 970
2870 -1
2875 1026
2875 972
2875 -1
2880 1028
2880 974
2880 -1
2885 1030
2885 975
2885 -1
2890 1032
2890 977
2890 -1
2895 1034
2895 979
2895 -1
2900 1035
2900 981
2900 -1
2905 1037
2905 982
2905 -1
2910 1039
2910 984
2910 -1
2915 1041
2915 986
2915 -1
2920 1043
2920 988
2920 -1
2925 1045
2925 990
2925 -1
2930 1047
2930 991
2930 -1
2935 1048
2935 993
2935 -1
2940 1050
2940 995
2940 -1
2945 1052
2945 997
2945 -1
2950 1054
2950 998
2950 -1
2955 1055
2955 1000
2955 -1
2960 1057
2960 1002
2960 -1
2965 1059
2965 1004
2965 -1
2970 1061
2970 1006
2970 -1
2975 1063
2975 1007
2975 -1
2980 1065
2980 1009
2980 -1
2985 1067
2985 1011
2985 -1
2990 1068
2990 1013
2990 -1
2995 1070
2995 1014
2995 -1
3000 1072
3000 1016
3000 -1
3005 1074
3005 1018
3005 36
3010 1076
3010 1020
3010 -1
3015 1077
3015 1022
3015 -1
3020 1079
3020 1023
3020 -1
3025 1081
3025 1025
3025 -1
3030 1083
3030 1027
3030 -1
3035 1085
3035 1029
3035 -1
3040 1087
3040 1031
3040 -1
3045 1089
3045 1032
3045 -1
3050 1090
3050 1034
3050 -1
3055 1092
3055 1036
3055 -1
3060 1094
3060 1038
3060 -1
3065 1096
3065 1040
3065 -1
3070 1098
3070 1041
3070 -1
3075 1100
3075 1043
3075 -1
3080 1101
3080 1045
3080 -1
3085 1103
3085 1047
3085 -1
3090 1105
3090 1049
3090 -1
3095 1107
3095 1050
3095 -1
3100 1109
3100 1052
3100 -1
3105 1111
3105 1054
3105 -1
3110 1112
3110 1056
3110 -1
3115 1114
3115 1058
3115 -1
3120 1116
3120 1059
3120 -1
3125 1118
3125 1061
3125 -1
3130 1120
3130 1063
3130 -1
3135 1121
3135 1065
3135 -1
3140 1123
3140 1066
3140 -1
3145 1125
3145 1068
3145 -1
3150 1127
3150 1070
3150 -1
3155 1129
3155 1072
3155 -1
3160 1131
3160 1074
3160 -1
3165 1132
3165 1076
3165 -1
3170 1134
3170 1077
3170 -1
3175 1136
3175 1079
3175 -1
3180 1138
3180 1081
3180 -1
3185 1140
3185 1083
3185 -1
3190 1142
3190 1084
3190 -1
3195 1143
3195 1086
3195 -1
3200 1145
3200 1088
3200 -1
3205 1147
3205 1090
3205 35
3210 1149
3210 1092
3210 -1
3215 1151
3215 1094
3215 -1
3220 1153
3220 1095
3220 -1
3225 1154
3225 1097
3225 -1
3230 1156
3230 1099
3230 -1
3235 1158
3235 1101
3235 -1
3240 1160
3240 1102
3240 -1
3245 1162
3245 1104
3245 -1
3250 1164
3250 1106
3250 -1
3255 1165
3255 1108
3255 -1
3260 1167
3260 1110
3260 -1
3265 1169
3265 1111
3265 -1
3270 1171
3270 1113
3270 -1
3275 1173
3275 1115
3275 -1
3280 1175
3280 1117
3280 -1
3285 1176
3285 1118
3285 -1
3290 1178
3290 1120
3290 -1
3295 1180
3295 1122
3295 -1
3300 1182
3300 1124
3300 -1
3305 1184
3305 1125
3305 -1
3310 1186
3310 1127
3310 -1
3315 1187
3315 1129
3315 -1
3320 1189
3320 1130
3320 -1
3325 1191
3325 1132
3325 -1
3330 1193
3330 1134
3330 -1
3335 1195
3335 1136
3335 -1
3340 1197
3340 1138
3340 -1
3345 1198
3345 1139
3345 -1
3350 1200
3350 1141
3350 -1
3355 1202
3355 1143
3355 -1
3360 1204
3360 1145
3360 -1
3365 1206
3365 1146
3365 -1
3370 1207
3370 1148
3370 -1
3375 1209
3375 1150
3375 -1
3380 1211
3380 1152
3380 -1
3385 1213
3385 1154
3385 -1
3390 1215
3390 1155
3390 -1
3395 1217
3395 1157
3395 -1
3400 1218
3400 1159
3400 -1
3405 1220
3405 1161
3405 34
3410 1222
3410 1162
3410 -1
3415 1224
3415 1164
3415 -1
3420 1225
3420 1166
3420 -1
3425 1227
3425 1168
3425 -1
3430 1229
3430 1170
3430 -1
3435 1231
3435 1171
3435 -1
3440 1233
3440 1173
3440 -1
3445 1234
3445 1175
3445 -1
3450 1236
3450 1177
3450 -1
3455 1238
3455 1178
3455 -1
3460 1240
3460 1180
3460 -1
3465 1242
3465 1182
3465 -1
3470 1243
3470 1184
3470 -1
3475 1245
3475 1185
3475 -1
3480 1247
3480 1187
3480 -1
3485 1249
3485 1189
3485 -1
3490 1251
3490 1191
3490 -1
3495 1252
3495 1192
3495 -1
3500 1254
3500 1194
3500 -1
3505 1256
3505 1196
3505 -1
3510 1258
3510 1198
3510 -1
3515 1260
3515 1200
3515 -1
3520 1261
3520 1201
3520 -1
3525 1263
3525 1203
3525 -1
3530 1265
3530 1204
3530 -1
3535 1267
3535 1206
3535 -1
3540 1269
3540 1208
3540 -1
3545 1270
3545 1210
3545 -1
3550 1272
3550 1211
3550 -1
3555 1274
3555 1213
3555 -1
3560 1276
3560 1215
3560 -1
3565 1278
3565 1216
3565 -1
3570 1279
3570 1218
3570 -1
3575 1281
3575 1220
3575 -1
3580 1283
3580 1222
3580 -1
3585 1285
3585 1223
3585 -1
3590 1287
3590 1225
3590 -1
3595 1289
3595 1226
3595 -1
3600 1290
3600 1228
3600 -1
3605 1292
3605 1230
3605 33
3610 1294
3610 1232
3610 -1
3615 1296
3615 1233
3615 -1
3620 1297
3620 1235
3620 -1
3625 1299
3625 1237
3625 -1
3630 1301
3630 1238
3630 -1
3635 1303
3635 1240
3635 -1
3640 1305
3640 1242
3640 -1
3645 1307
3645 1244
3645 -1
3650 1308
3650 1245
3650 -1
3655 1310
3655 1247
3655 -1
3660 1312
3660 1249
3660 -1
3665 1314
3665 1250
3665 -1
3670 1315
3670 1252
3670 -1
3675 1317
3675 1254
3675 -1
3680 1319
3680 1256
3680 -1
3685 1321
3685 1257
3685 -1
3690 1323
3690 1259
3690 -1
3695 1324
3695 1261
3695 -1
3700 1326
3700 1262
3700 -1
3705 1328
3705 1264
3705 -1
3710 1330
3710 1266
3710 -1
3715 1332
3715 1268
3715 -1
3720 1333
3720 1269
3720 -1
3725 1335
3725 1271
3725 -1
3730 1337
3730 1273
3730 -1
3735 1339
3735 1274
3735 -1
3740 1341
3740 1276
3740 -1
3745 1342
3745 1278
3745 -1
3750 1344
3750 1279
3750 -1
3755 1346
3755 1281
3755 -1
3760 1348
3760 1283
3760 -1
3765 1350
3765 1284
3765 -1
3770 1351
3770 1286
3770 -1
3775 1353
3775 1288
3775 -1
3780 1355
3780 1290
3780 -1
3785 1357
3785 1292
3785 -1
3790 1359
3790 1293
3790 -1
3795 1361
3795 1295
3795 -1
3800 1362
3800 1296
3800 -1
3805 1364
3805 1298
3805 32
3810 1366
3810 1300
3810 -1
3815 1368
3815 1302
3815 -1
3820 1370
3820 1303
3820 -1
3825 1371
3825 1305
3825 -1
3830 1373
3830 1307
3830 -1
3835 1375
3835 1308
3835 -1
3840 1377
3840 1310
3840 -1
3845 1379
3845 1312
3845 -1
3850 1381
3850 1314
3850 -1
3855 1382
3855 1316
3855 -1
3860 1384
3860 1317
3860 -1
3865 1386
3865 1319
3865 -1
3870 1388
3870 1321
3870 -1
3875 1389
3875 1322
3875 -1
3880 1391
3880 1324
3880 -1
3885 1393
3885 1326
3885 -1
3890 1395
3890 1328
3890 -1
3895 1397
3895 1329
3895 -1
3900 1399
3900 1331
3900 -1
3905 1400
3905 1333
3905 -1
3910 1402
3910 1335
3910 -1
3915 1404
3915 1336
3915 -1
3920 1406
3920 1338
3920 -1
3925 1408
3925 1340
3925 -1
3930 1409
3930 1342
3930 -1
3935 1411
3935 1344
3935 -1
3940 1413
3940 1345
3940 -1
3945 1415
3945 1347
3945 -1
3950 1417
3950 1349
3950 -1
3955 1418
3955 1351
3955 -1
3960 1420
3960 1352
3960 -1
3965 1422
3965 1354
3965 -1
3970 1424
3970 1356
3970 -1
3975 1426
3975 1358
3975 -1
3980 1427
3980 1360
3980 -1
3985 1429
3985 1361
3985 -1
3990 1431
3990 1363
3990 -1
3995 1433
3995 1365
3995 -1
4000 1435
4000 1367
4000 -1
4005 1437
4005 1368
4005 32
4010 1438
4010 1370
4010 -1
4015 1440
4015 1372
4015 -1
4020 1442
4020 1374
4020 -1
4025 1444
4025 1376
4025 -1
4030 1446
4030 1377
4030 -1
4035 1448
4035 1379
4035 -1
4040 1449
4040 1381
4040 -1
4045 1451
4045 1383
4045 -1
4050 1453
4050 1384
4050 -1
4055 1455
4055 1386
4055 -1
4060 1457
4060 1388
4060 -1
4065 1459
4065 1390
4065 -1
4070 1460
4070 1392
4070 -1
4075 1462
4075 1393
4075 -1
4080 1464
4080 1395
4080 -1
4085 1466
4085 1397
4085 -1
4090 1468
4090 1398
4090 -1
4095 1470
4095 1400
4095 -1
4100 1471
4100 1402
4100 -1
4105 1473
4105 1404
4105 -1
4110 1475
4110 1406
4110 -1
4115 1477
4115 1407
4115 -1
4120 1479
4120 1409
4120 -1
4125 1481
4125 1411
4125 -1
4130 1483
4130 1413
4130 -1
4135 1484
4135 1414
4135 -1
4140 1486
4140 1416
4140 -1
4145 1488
4145 1418
4145 -1
4150 1490
4150 1420
4150 -1
4155 1492
4155 1422
4155 -1
4160 1494
4160 1423
4160 -1
4165 1495
4165 1425
4165 -1
4170 1497
4170 1427
4170 -1
4175 1499
4175 1429
4175 -1
4180 1501
4180 1430
4180 -1
4185 1503
4185 1432
4185 -1
4190 1505
4190 1434
4190 -1
4195 1507
4195 1436
4195 -1
4200 1508
4200 1438
4200 -1
4205 1510
4205 1440
4205 31
4210 1512
4210 1441
4210 -1
4215 1514
4215 1443
4215 -1
4220 1516
4220 1445
4220 -1
4225 1517
4225 1447
4225 -1
4230 1519
4230 1448
4230 -1
4235 1521
4235 1450
4235 -1
4240 1523
4240 1452
4240 -1
4245 1525
4245 1454
4245 -1
4250 1527
4250 1456
4250 -1
4255 1529
4255 1457
4255 -1
4260 1530
4260 1459
4260 -1
4265 1532
4265 1461
4265 -1
4270 1534
4270 1463
4270 -1
4275 1536
4275 1464
4275 -1
4280 1538
4280 1466
4280 -1
4285 1540
4285 1468
4285 -1
4290 1541
4290 1470
4290 -1
4295 1543
4295 1471
4295 -1
4300 1545
4300 1473
4300 -1
4305 1547
4305 1475
4305 -1
4310 1549
4310 1477
4310 -1
4315 1551
4315 1478
4315 -1
4320 1553
4320 1480
4320 -1
4325 1555
4325 1482
4325 -1
4330 1556
4330 1484
4330 -1
4335 1558
4335 1486
4335 -1
4340 1560
4340 1487
4340 -1
4345 1562
4345 1489
4345 -1
4350 1564
4350 1491
4350 -1
4355 1565
4355 1492
4355 -1
4360 1567
4360 1494
4360 -1
4365 1569
4365 1496
4365 -1
4370 1571
4370 1498
4370 -1
4375 1573
4375 1500
4375 -1
4380 1575
4380 1501
4380 -1
4385 1577
4385 1503
4385 -1
4390 1578
4390 1505
4390 -1
4395 1580
4395 1507
4395 -1
4400 1582
4400 1508
4400 -1
4405 1584
4405 1510
4405 30
4410 1585
4410 1512
4410 -1
4415 1587
4415 1514
4415 -1
4420 1589
4420 1515
4420 -1
4425 1591
4425 1517
4425 -1
4430 1593
4430 1519
4430 -1
4435 1594
4435 1521
4435 -1
4440 1596
4440 1522
4440 -1
4445 1598
4445 1524
4445 -1
4450 1600
4450 1526
4450 -1
4455 1601
4455 1528
4455 -1
4460 1603
4460 1530
4460 -1
4465 1605
4465 1531
4465 -1
4470 1607
4470 1533
4470 -1
4475 1609
4475 1535
4475 -1
4480 1610
4480 1537
4480 -1
4485 1612
4485 1538
4485 -1
4490 1614
4490 1540
4490 -1
4495 1616
4495 1542
4495 -1
4500 1617
4500 1544
4500 -1
4505 1619
4505 1545
4505 -1
4510 1621
4510 1547
4510 -1
4515 1623
4515 1549
4515 -1
4520 1625
4520 1550
4520 -1
4525 1626
4525 1552
4525 -1
4530 1628
4530 1554
4530 -1
4535 1630
4535 1556
4535 -1
4540 1632
4540 1558
4540 -1
4545 1634
4545 1559
4545 -1
4550 1635
4550 1561
4550 -1
4555 1637
4555 1563
4555 -1
4560 1639
4560 1564
4560 -1
4565 1641
4565 1566
4565 -1
4570 1643
4570 1568
4570 -1
4575 1645
4575 1569
4575 -1
4580 1646
4580 1571
4580 -1
4585 1648
4585 1573
4585 -1
4590 1650
4590 1574
4590 -1
4595 1652
4595 1576
4595 -1
4600 1653
4600 1578
4600 -1
4605 1655
4605 1580
4605 29
4610 1657
4610 1581
4610 -1
4615 1659
4615 1583
4615 -1
4620 1661
4620 1584
4620 -1
4625 1662
4625 1586
4625 -1
4630 1664
4630 1588
4630 -1
4635 1666
4635 1590
4635 -1
4640 1668
4640 1591
4640 -1
4645 1670
4645 1593
4645 -1
4650 1671
4650 1595
4650 -1
4655 1673
4655 1596
4655 -1
4660 1675
4660 1598
4660 -1
4665 1677
4665 1600
4665 -1
4670 1679
4670 1602
4670 -1
4675 1680
4675 1603
4675 -1
4680 1682
4680 1605
4680 -1
4685 1684
4685 1607
4685 -1
4690 1686
4690 1608
4690 -1
4695 1688
4695 1610
4695 -1
4700 1689
4700 1612
4700 -1
4705 1691
4705 1613
4705 -1
4710 1693
4710 1615
4710 -1
4715 1695
4715 1617
4715 -1
4720 1697
4720 1618
4720 -1
4725 1699
4725 1620
4725 -1
4730 1700
4730 1622
4730 -1
4735 1702
4735 1624
4735 -1
4740 1704
4740 1625
4740 -1
4745 1706
4745 1627
4745 -1
4750 1707
4750 1629
4750 -1
4755 1709
4755 1630
4755 -1
4760 1711
4760 1632
4760 -1
4765 1713
4765 1634
4765 -1
4770 1715
4770 1636
4770 -1
4775 1717
4775 1637
4775 -1
4780 1718
4780 1639
4780 -1
4785 1720
4785 1640
4785 -1
4790 1722
4790 1642
4790 -1
4795 1724
4795 1644
4795 -1
4800 1726
4800 1646
4800 -1
4805 1727
4805 1647
4805 28
4810 1729
4810 1649
4810 -1
4815 1731
4815 1650
4815 -1
4820 1733
4820 1652
4820 -1
4825 1735
4825 1654
4825 -1
4830 1737
4830 1656
4830 -1
4835 1738
4835 1657
4835 -1
4840 1740
4840 1659
4840 -1
4845 1742
4845 1661
4845 -1
4850 1744
4850 1662
4850 -1
4855 1746
4855 1664
4855 -1
4860 1748
4860 1666
4860 -1
4865 1749
4865 1667
4865 -1
4870 1751
4870 1669
4870 -1
4875 1753
4875 1671
4875 -1
4880 1755
4880 1673
4880 -1
4885 1757
4885 1674
4885 -1
4890 1759
4890 1676
4890 -1
4895 1761
4895 1678
4895 -1
4900 1762
4900 1680
4900 -1
4905 1764
4905 1681
4905 -1
4910 1766
4910 1683
4910 -1
4915 1768
4915 1685
4915 -1
4920 1770
4920 1686
4920 -1
4925 1771
4925 1688
4925 -1
4930 1773
4930 1690
4930 -1
4935 1775
4935 1692
4935 -1
4940 1777
4940 1694
4940 -1
4945 1779
4945 1695
4945 -1
4950 1781
4950 1697
4950 -1
4955 1782
4955 1699
4955 -1
4960 1784
4960 1701
4960 -1
4965 1786
4965 1702
4965 -1
4970 1788
4970 1704
4970 -1
4975 1790
4975 1706
4975 -1
4980 1791
4980 1708
4980 -1
4985 1793
4985 1710
4985 -1
4990 1795
4990 1711
4990 -1
4995 1797
4995 1713
4995 -1
5000 1799
5000 1715
5000 -1
5005 1800
5005 1716
5005 28
5010 1802
5010 1718
5010 -1
5015 1804
5015 1720
5015 -1
5020 1806
5020 1722
5020 -1
5025 1808
5025 1724
5025 -1
5030 1810
5030 1725
5030 -1
5035 1811
5035 1727
5035 -1
5040 1813
5040 1729
5040 -1
5045 1815
5045 1731
5045 -1
5050 1817
5050 1732
5050 -1
5055 1819
5055 1734
5055 -1
5060 1821
5060 1736
5060 -1
5065 1822
5065 1738
5065 -1
5070 1824
5070 1740
5070 -1
5075 1826
5075 1741
5075 -1
5080 1828
5080 1743
5080 -1
5085 1830
5085 1745
5085 -1
5090 1831
5090 1746
5090 -1
5095 1833
5095 1748
5095 -1
5100 1835
5100 1750
5100 -1
5105 1837
5105 1752
5105 -1
5110 1839
5110 1754
5110 -1
5115 1841
5115 1755
5115 -1
5120 1842
5120 1757
5120 -1
5125 1844
5125 1759
5125 -1
5130 1846
5130 1761
5130 -1
5135 1848
5135 1762
5135 -1
5140 1850
5140 1764
5140 -1
5145 1852
5145 1766
5145 -1
5150 1853
5150 1768
5150 -1
5155 1855
5155 1770
5155 -1
5160 1857
5160 1772
5160 -1
5165 1859
5165 1773
5165 -1
5170 1861
5170 1775
5170 -1
5175 1863
5175 1777
5175 -1
5180 1864
5180 1779
5180 -1
5185 1866
5185 1780
5185 -1
5190 1868
5190 1782
5190 -1
5195 1870
5195 1784
5195 -1
5200 1872
5200 1786
5200 -1
5205 1873
5205 1788
5205 27
5210 1875
5210 1790
5210 -1
5215 1877
5215 1791
5215 -1
5220 1879
5220 1793
5220 -1
5225 1881
5225 1795
5225 -1
5230 1883
5230 1797
5230 -1
5235 1885
5235 1799
5235 -1
5240 1886
5240 1800
5240 -1
5245 1888
5245 1802
5245 -1
5250 1890
5250 1804
5250 -1
5255 1892
5255 1806
5255 -1
5260 1894
5260 1808
5260 -1
5265 1895
5265 1809
5265 -1
5270 1897
5270 1811
5270 -1
5275 1899
5275 1813
5275 -1
5280 1901
5280 1815
5280 -1
5285 1903
5285 1816
5285 -1
5290 1905
5290 1818
5290 -1
5295 1907
5295 1820
5295 -1
5300 1908
5300 1822
5300 -1
5305 1910
5305 1824
5305 -1
5310 1912
5310 1825
5310 -1
5315 1914
5315 1827
5315 -1
5320 1916
5320 1829
5320 -1
5325 1918
5325 1830
5325 -1
5330 1919
5330 1832
5330 -1
5335 1921
5335 1834
5335 -1
5340 1923
5340 1836
5340 -1
5345 1925
5345 1838
5345 -1
5350 1927
5350 1839
5350 -1
5355 1929
5355 1841
5355 -1
5360 1931
5360 1843
5360 -1
5365 1932
5365 1845
5365 -1
5370 1934
5370 1846
5370 -1
5375 1936
5375 1848
5375 -1
5380 1938
5380 1850
5380 -1
5385 1940
5385 1852
5385 -1
5390 1941
5390 1853
5390 -1
5395 1943
5395 1855
5395 -1
5400 1945
5400 1857
5400 -1
5405 1947
5405 1858
5405 27
5410 1949
5410 1860
5410 -1
5415 1951
5415 1862
5415 -1
5420 1953
5420 1864
5420 -1
5425 1954
5425 1866
5425 -1
5430 1956
5430 1868
5430 -1
5435 1958
5435 1869
5435 -1
5440 1960
5440 1871
5440 -1
5445 1961
5445 1873
5445 -1
5450 1963
5450 1874
5450 -1
5455 1965
5455 1876
5455 -1
5460 1967
5460 1878
5460 -1
5465 1969
5465 1880
5465 -1
5470 1970
5470 1882
5470 -1
5475 1972
5475 1883
5475 -1
5480 1974
5480 1885
5480 -1
5485 1976
5485 1887
5485 -1
5490 1977
5490 1889
5490 -1
5495 1979
5495 1890
5495 -1
5500 1981
5500 1892
5500 -1
5505 1983
5505 1894
5505 -1
5510 1985
5510 1896
5510 -1
5515 1986
5515 1897
5515 -1
5520 1988
5520 1899
5520 -1
5525 1990
5525 1901
5525 -1
5530 1992
5530 1902
5530 -1
5535 1993
5535 1904
5535 -1
5540 1995
5540 1906
5540 -1
5545 1997
5545 1908
5545 -1
5550 1999
5550 1910
5550 -1
5555 2001
5555 1911
5555 -1
5560 2003
5560 1913
5560 -1
5565 2004
5565 1915
5565 -1
5570 2006
5570 1916
5570 -1
5575 2008
5575 1918
5575 -1
5580 2010
5580 1920
5580 -1
5585 2011
5585 1922
5585 -1
5590 2013
5590 1923
5590 -1
5595 2015
5595 1925
5595 -1
5600 2017
5600 1927
5600 -1
5605 2019
5605 1928
5605 27
5610 2020
5610 1930
5610 -1
5615 2022
5615 1932
5615 -1
5620 2024
5620 1933
5620 -1
5625 2026
5625 1935
5625 -1
5630 2028
5630 1937
5630 -1
5635 2029
5635 1938
5635 -1
5640 2031
5640 1940
5640 -1
5645 2033
5645 1942
5645 -1
5650 2035
5650 1944
5650 -1
5655 2036
5655 1945
5655 -1
5660 2038
5660 1947
5660 -1
5665 2040
5665 1949
5665 -1
5670 2042
5670 1950
5670 -1
5675 2043
5675 1952
5675 -1
5680 2045
5680 1954
5680 -1
5685 2047
5685 1956
5685 -1
5690 2049
5690 1957
5690 -1
5695 2051
5695 1959
5695 -1
5700 2053
5700 1961
5700 -1
5705 2054
5705 1963
5705 -1
5710 2056
5710 1964
5710 -1
5715 2058
5715 1966
5715 -1
5720 2060
5720 1968
5720 -1
5725 2061
5725 1970
5725 -1
5730 2063
5730 1971
5730 -1
5735 2065
5735 1973
5735 -1
5740 2067
5740 1975
5740 -1
5745 2068
5745 1976
5745 -1
5750 2070
5750 1978
5750 -1
5755 2072
5755 1980
5755 -1
5760 2074
5760 1982
5760 -1
5765 2075
5765 1983
5765 -1
5770 2077
5770 1985
5770 -1
5775 2079
5775 1987
5775 -1
5780 2081
5780 1988
5780 -1
5785 2083
5785 1990
5785 -1
5790 2084
5790 1992
5790 -1
5795 2086
5795 1994
5795 -1
5800 2088
5800 1995
5800 -1
5805 2090
5805 1997
5805 27
5810 2091
5810 1998
5810 -1
5815 2093
5815 2000
5815 -1
5820 2095
5820 2002
5820 -1
5825 2097
5825 2004
5825 -1
5830 2099
5830 2005
5830 -1
5835 2100
5835 2007
5835 -1
5840 2102
5840 2009
5840 -1
5845 2104
5845 2010
5845 -1
5850 2106
5850 2012
5850 -1
5855 2108
5855 2014
5855 -1
5860 2109
5860 2016
5860 -1
5865 2111
5865 2017
5865 -1
5870 2113
5870 2019
5870 -1
5875 2115
5875 2020
5875 -1
5880 2117
5880 2022
5880 -1
5885 2118
5885 2024
5885 -1
5890 2120
5890 2026
5890 -1
5895 2122
5895 2027
5895 -1
5900 2124
5900 2029
5900 -1
5905 2126
5905 2031
5905 -1
5910 2127
5910 2033
5910 -1
5915 2129
5915 2034
5915 -1
5920 2131
5920 2036
5920 -1
5925 2133
5925 2038
5925 -1
5930 2135
5930 2040
5930 -1
5935 2136
5935 2041
5935 -1
5940 2138
5940 2043
5940 -1
5945 2140
5945 2045
5945 -1
5950 2142
5950 2046
5950 -1
5955 2144
5955 2048
5955 -1
5960 2146
5960 2050
5960 -1
5965 2147
5965 2052
5965 -1
5970 2149
5970 2054
5970 -1
5975 2151
5975 2055
5975 -1
5980 2153
5980 2057
5980 -1
5985 2155
5985 2059
5985 -1
5990 2156
5990 2061
5990 -1
5995 2158
5995 2062
5995 -1
