10 0
15 0
20 0
25 0
30 1
35 1
40 2
45 3
50 4
55 5
60 6
65 7
70 9
75 10
80 11
85 13
90 14
95 16
100 18
105 19
110 21
115 22
120 24
125 26
130 28
135 30
140 31
145 33
150 35
155 37
160 39
165 41
170 43
175 44
180 46
185 48
190 50
195 52
200 54
205 56
210 58
215 60
220 62
225 64
230 66
235 68
240 70
245 72
250 74
255 76
260 78
265 80
270 82
275 84
280 86
285 88
290 89
295 91
300 94
305 95
310 97
315 99
320 101
325 103
330 105
335 107
340 109
345 111
350 113
355 115
360 117
365 119
370 121
375 123
380 125
385 127
390 129
395 131
400 133
405 135
410 137
415 139
420 141
425 143
430 145
435 147
440 149
445 151
450 153
455 155
460 157
465 159
470 161
475 163
480 165
485 167
490 169
495 171
500 172
505 174
510 176
515 178
520 180
525 182
530 184
535 186
540 188
545 190
550 192
555 194
560 196
565 198
570 200
575 202
580 204
585 206
590 208
595 210
600 212
605 214
610 216
615 218
620 220
625 222
630 224
635 226
640 228
645 230
650 232
655 234
660 236
665 238
670 240
675 242
680 244
685 246
690 248
695 250
700 252
705 254
710 256
715 258
720 260
725 262
730 264
735 266
740 268
745 270
750 271
755 273
760 275
765 277
770 279
775 281
780 283
785 285
790 287
795 289
800 291
805 293
810 295
815 297
820 299
825 301
830 303
835 305
840 307
845 309
850 311
855 313
860 315
865 317
870 319
875 321
880 323
885 325
890 327
895 329
900 331
905 333
910 335
915 337
920 339
925 341
930 343
935 345
940 347
945 349
950 351
955 353
960 355
965 357
970 359
975 361
980 363
985 365
990 367
995 368
1000 370
1005 372
1010 374
1015 376
1020 378
1025 380
1030 382
1035 384
1040 386
1045 388
1050 390
1055 392
1060 394
1065 396
1070 398
1075 400
1080 402
1085 404
1090 406
1095 408
1100 410
1105 412
1110 414
1115 416
1120 418
1125 420
1130 422
1135 424
1140 426
1145 428
1150 430
1155 432
1160 434
1165 436
1170 438
1175 440
1180 442
1185 444
1190 446
1195 448
1200 450
1205 452
1210 454
1215 456
1220 458
1225 460
1230 462
1235 463
1240 465
1245 467
1250 469
1255 471
1260 473
1265 475
1270 477
1275 479
1280 481
1285 483
1290 485
1295 487
1300 489
1305 491
1310 493
1315 495
1320 497
1325 499
1330 501
1335 503
1340 505
1345 507
1350 509
1355 511
1360 513
1365 515
1370 517
1375 519
1380 521
1385 523
1390 525
1395 527
1400 529
1405 531
1410 533
1415 535
1420 537
1425 539
1430 541
1435 543
1440 545
1445 547
1450 549
1455 551
1460 553
1465 555
1470 557
1475 559
1480 561
1485 563
1490 565
1495 566
1500 569
1505 570
1510 572
1515 574
1520 576
1525 578
1530 580
1535 582
1540 584
1545 586
1550 588
1555 590
1560 592
1565 594
1570 596
1575 598
1580 600
1585 602
1590 604
1595 606
1600 608
1605 610
1610 612
1615 614
1620 616
1625 618
1630 620
1635 622
1640 624
1645 626
1650 628
1655 630
1660 632
1665 634
1670 636
1675 638
1680 640
1685 642
1690 644
1695 646
1700 648
1705 650
1710 652
1715 654
1720 656
1725 658
1730 660
1735 662
1740 664
1745 666
1750 668
1755 670
1760 672
1765 674
1770 676
1775 677
1780 679
1785 681
1790 683
1795 685
1800 687
1805 689
1810 691
1815 693
1820 695
1825 697
1830 699
1835 701
1840 703
1845 705
1850 707
1855 709
1860 711
1865 713
1870 715
1875 717
1880 719
1885 721
1890 723
1895 725
1900 727
1905 729
1910 731
1915 733
1920 735
1925 737
1930 739
1935 741
1940 743
1945 745
1950 747
1955 749
1960 750
1965 752
1970 754
1975 756
1980 758
1985 760
1990 762
1995 764
2000 766
2005 768
2010 770
2015 772
2020 774
2025 776
2030 778
2035 780
2040 782
2045 784
2050 786
2055 788
2060 790
2065 792
2070 794
2075 796
2080 798
2085 800
2090 802
2095 804
2100 806
2105 808
2110 810
2115 812
2120 814
2125 816
2130 818
2135 820
2140 822
2145 824
2150 826
2155 828
2160 830
2165 832
2170 834
2175 836
2180 838
2185 840
2190 842
2195 844
2200 846
2205 848
2210 850
2215 852
2220 854
2225 856
2230 858
2235 860
2240 862
2245 864
2250 866
2255 868
2260 870
2265 872
2270 874
2275 875
2280 877
2285 879
2290 881
2295 883
2300 885
2305 887
2310 889
2315 891
2320 893
2325 895
2330 897
2335 899
2340 901
2345 903
2350 905
2355 907
2360 909
2365 911
2370 913
2375 915
2380 917
2385 919
2390 921
2395 923
2400 925
2405 927
2410 929
2415 931
2420 933
2425 935
2430 937
2435 939
2440 941
2445 943
2450 945
2455 946
2460 948
2465 950
2470 952
2475 954
2480 956
2485 958
2490 960
2495 962
2500 964
2505 966
2510 968
2515 970
2520 972
2525 974
2530 976
2535 978
2540 980
2545 982
2550 984
2555 986
2560 988
2565 990
2570 992
2575 994
2580 996
2585 998
2590 1000
2595 1002
2600 1004
2605 1006
2610 1008
2615 1010
2620 1012
2625 1014
2630 1016
2635 1018
2640 1020
2645 1022
2650 1024
2655 1026
2660 1028
2665 1030
2670 1032
2675 1034
2680 1036
2685 1038
2690 1040
2695 1042
2700 1044
2705 1045
2710 1047
2715 1049
2720 1051
2725 1054
2730 1055
2735 1057
2740 1059
2745 1061
2750 1063
2755 1065
2760 1067
2765 1069
2770 1071
2775 1073
2780 1075
2785 1077
2790 1079
2795 1081
2800 1083
2805 1085
2810 1087
2815 1089
2820 1091
2825 1093
2830 1095
2835 1097
2840 1099
2845 1101
2850 1103
2855 1105
2860 1107
2865 1109
2870 1111
2875 1113
2880 1115
2885 1117
2890 1119
2895 1121
2900 1123
2905 1125
2910 1127
2915 1129
2920 1131
2925 1133
2930 1135
2935 1137
2940 1138
2945 1140
2950 1142
2955 1144
2960 1146
2965 1148
2970 1150
2975 1152
2980 1154
2985 1156
2990 1158
2995 1160
3000 1162
3005 1164
3010 1166
3015 1168
3020 1170
3025 1172
3030 1174
3035 1176
3040 1178
3045 1180
3050 1182
3055 1184
3060 1186
3065 1188
3070 1190
3075 1192
3080 1194
3085 1196
3090 1198
3095 1200
3100 1202
3105 1204
3110 1206
3115 1208
3120 1210
3125 1212
3130 1214
3135 1216
3140 1218
3145 1220
3150 1222
3155 1224
3160 1226
3165 1228
3170 1230
3175 1231
3180 1233
3185 1235
3190 1237
3195 1239
3200 1241
3205 1243
3210 1245
3215 1247
3220 1249
3225 1251
3230 1253
3235 1255
3240 1257
3245 1259
3250 1261
3255 1263
3260 1265
3265 1267
3270 1269
3275 1271
3280 1273
3285 1275
3290 1277
3295 1279
3300 1281
3305 1283
3310 1285
3315 1287
3320 1289
3325 1291
3330 1293
3335 1295
3340 1297
3345 1299
3350 1301
3355 1303
3360 1305
3365 1307
3370 1309
3375 1311
3380 1313
3385 1315
3390 1317
3395 1319
3400 1321
3405 1323
3410 1324
3415 1326
3420 1328
3425 1330
3430 1332
3435 1334
3440 1336
3445 1338
3450 1340
3455 1342
3460 1344
3465 1346
3470 1348
3475 1350
3480 1352
3485 1354
3490 1356
3495 1358
