10 0
10 0
15 0
15 0
20 0
20 0
25 0
25 0
30 1
30 0
35 2
35 1
40 2
40 1
45 3
45 2
50 4
50 3
55 5
55 4
60 6
60 4
65 7
65 6
70 8
70 6
75 10
75 7
80 11
80 8
85 12
85 10
90 13
90 11
95 15
95 12
100 16
100 13
105 17
105 14
110 19
110 15
115 20
115 17
120 21
120 18
125 23
125 19
130 24
130 20
135 26
135 22
140 27
140 24
145 29
145 25
150 30
150 26
155 32
155 28
160 33
160 29
165 35
165 31
170 37
170 32
175 38
175 34
180 40
180 36
185 42
185 38
190 44
190 39
195 45
195 41
200 47
200 43
205 49
205 44
210 51
210 46
215 52
215 48
220 54
220 50
225 56
225 51
230 58
230 53
235 60
235 55
240 61
240 57
245 63
245 58
250 65
250 60
255 67
255 62
260 68
260 64
265 70
265 66
270 72
270 67
275 74
275 69
280 75
280 71
285 77
285 73
290 79
290 74
295 81
295 76
300 82
300 78
305 84
305 80
310 86
310 82
315 88
315 83
320 90
320 85
325 91
325 87
330 93
330 89
335 95
335 91
340 97
340 93
345 99
345 94
350 100
350 96
355 102
355 98
360 104
360 100
365 106
365 102
370 108
370 104
375 110
375 105
380 112
380 107
385 113
385 109
390 115
390 111
395 117
395 112
400 119
400 114
405 120
405 116
410 122
410 118
415 124
415 120
420 126
420 121
425 128
425 123
430 130
430 125
435 131
435 127
440 133
440 128
445 135
445 130
450 137
450 132
455 139
455 134
460 141
460 136
465 142
465 137
470 144
470 139
475 146
475 141
480 148
480 143
485 150
485 144
490 151
490 146
495 153
495 148
500 155
500 150
505 157
505 152
510 159
510 153
515 160
515 155
520 162
520 157
525 164
525 159
530 166
530 160
535 168
535 162
540 169
540 164
545 171
545 166
550 173
550 168
555 175
555 169
560 176
560 171
565 178
565 173
570 180
570 175
575 182
575 176
580 184
580 178
585 185
585 180
590 187
590 182
595 189
595 184
600 191
600 185
605 192
605 187
610 194
610 189
615 196
615 191
620 198
620 192
625 200
625 194
630 201
630 196
635 203
635 198
640 205
640 199
645 207
645 201
650 208
650 203
655 210
655 204
660 212
660 206
665 214
665 208
670 215
670 210
675 217
675 211
680 219
680 213
685 221
685 215
690 222
690 216
695 224
695 218
700 226
700 220
705 228
705 222
710 230
710 223
715 231
715 225
720 233
720 226
725 235
725 228
730 237
730 230
735 238
735 232
740 240
740 234
745 242
745 235
750 244
750 237
755 246
755 239
760 247
760 240
765 249
765 242
770 251
770 244
775 252
775 245
780 254
780 247
785 256
785 249
790 258
790 250
795 259
795 252
800 261
800 254
805 263
805 256
810 265
810 257
815 266
815 259
820 268
820 261
825 270
825 263
830 272
830 264
835 274
835 266
840 276
840 268
845 277
845 269
850 279
850 271
855 281
855 273
860 283
860 274
865 284
865 276
870 286
870 278
875 288
875 280
880 290
880 281
885 292
885 283
890 293
890 285
895 295
895 286
900 297
900 288
905 299
905 290
910 300
910 292
915 302
915 293
920 304
920 295
925 306
925 297
930 308
930 298
935 310
935 300
940 311
940 302
945 313
945 304
950 315
950 305
955 317
955 307
960 319
960 309
965 320
965 310
970 322
970 312
975 324
975 314
980 326
980 316
985 328
985 317
990 330
990 319
995 331
995 321
1000 333
1000 322
1005 335
1005 324
1010 337
1010 326
1015 338
1015 328
1020 340
1020 329
1025 342
1025 331
1030 344
1030 333
1035 346
1035 335
1040 347
1040 336
1045 349
1045 338
1050 351
1050 340
1055 353
1055 342
1060 354
1060 343
1065 356
1065 345
1070 358
1070 347
1075 360
1075 349
1080 362
1080 350
1085 363
1085 352
1090 365
1090 354
1095 367
1095 356
1100 369
1100 358
1105 371
1105 359
1110 372
1110 361
1115 374
1115 363
1120 376
1120 364
1125 378
1125 366
1130 380
1130 368
1135 382
1135 370
1140 383
1140 371
1145 385
1145 373
1150 387
1150 375
1155 389
1155 377
1160 390
1160 378
1165 392
1165 380
1170 394
1170 382
1175 396
1175 384
1180 398
1180 386
1185 400
1185 387
1190 402
1190 389
1195 403
1195 391
1200 405
1200 393
1205 407
1205 394
1210 409
1210 396
1215 410
1215 398
1220 412
1220 400
1225 414
1225 401
1230 416
1230 403
1235 418
1235 405
1240 420
1240 407
1245 422
1245 408
1250 423
1250 410
1255 425
1255 412
1260 427
1260 414
1265 429
1265 415
1270 430
1270 417
1275 432
1275 419
1280 434
1280 421
1285 436
1285 422
1290 438
1290 424
1295 440
1295 426
1300 441
1300 428
1305 443
1305 430
1310 445
1310 431
1315 447
1315 433
1320 448
1320 435
1325 450
1325 437
1330 452
1330 438
1335 454
1335 440
1340 456
1340 442
1345 458
1345 444
1350 459
1350 446
1355 461
1355 448
1360 463
1360 449
1365 465
1365 451
1370 467
1370 453
1375 468
1375 455
1380 470
1380 456
1385 472
1385 458
1390 474
1390 460
1395 476
1395 462
1400 478
1400 464
1405 479
1405 465
1410 481
1410 467
1415 483
1415 469
1420 485
1420 470
1425 487
1425 472
1430 489
1430 474
1435 490
1435 476
1440 492
1440 478
1445 494
1445 479
1450 496
1450 481
1455 498
1455 483
1460 500
1460 484
1465 501
1465 486
1470 503
1470 488
1475 505
1475 490
1480 507
1480 491
1485 509
1485 493
1490 510
1490 495
1495 512
1495 497
1500 514
1500 498
1505 516
1505 500
1510 518
1510 502
1515 520
1515 504
1520 522
1520 505
1525 523
1525 507
1530 525
1530 509
1535 527
1535 511
1540 529
1540 512
1545 530
1545 514
1550 532
1550 516
1555 534
1555 518
1560 536
1560 519
1565 538
1565 521
1570 540
1570 523
1575 541
1575 525
1580 543
1580 526
1585 545
1585 528
1590 547
1590 530
1595 548
1595 532
1600 550
1600 533
1605 552
1605 535
1610 554
1610 537
1615 556
1615 538
1620 557
1620 540
1625 559
1625 542
1630 561
1630 544
1635 563
1635 546
1640 564
1640 547
1645 566
1645 549
1650 568
1650 551
1655 570
1655 552
1660 572
1660 554
1665 574
1665 556
1670 575
1670 558
1675 577
1675 559
1680 579
1680 561
1685 581
1685 563
1690 582
1690 564
1695 584
1695 566
1700 586
1700 568
1705 588
1705 569
1710 590
1710 571
1715 592
1715 573
1720 593
1720 574
1725 595
1725 576
1730 597
1730 578
1735 598
1735 579
1740 600
1740 581
1745 602
1745 583
1750 604
1750 584
1755 606
1755 586
1760 607
1760 588
1765 609
1765 589
1770 611
1770 591
1775 613
1775 593
1780 615
1780 594
1785 616
1785 596
1790 618
1790 598
1795 620
1795 600
1800 622
1800 601
1805 623
1805 603
1810 625
1810 604
1815 627
1815 606
1820 629
1820 608
1825 630
1825 610
1830 632
1830 611
1835 634
1835 613
1840 636
1840 615
1845 637
1845 616
1850 639
1850 618
1855 641
1855 620
1860 643
1860 622
1865 644
1865 623
1870 646
1870 625
1875 648
1875 626
1880 650
1880 628
1885 651
1885 630
1890 653
1890 632
1895 655
1895 633
1900 657
1900 635
1905 658
1905 637
1910 660
1910 638
1915 662
1915 640
1920 664
1920 642
1925 666
1925 643
1930 667
1930 645
1935 669
1935 647
1940 671
1940 648
1945 673
1945 650
1950 674
1950 652
1955 676
1955 654
1960 678
1960 655
1965 680
1965 657
1970 682
1970 659
1975 683
1975 660
1980 685
1980 662
1985 687
1985 664
1990 689
1990 666
1995 690
1995 667
2000 692
2000 669
2005 694
2005 671
2010 696
2010 672
2015 697
2015 674
2020 699
2020 676
2025 701
2025 678
2030 703
2030 680
2035 704
2035 681
2040 706
2040 683
2045 708
2045 685
2050 710
2050 686
2055 712
2055 688
2060 713
2060 690
2065 715
2065 692
2070 717
2070 694
2075 719
2075 695
2080 720
2080 697
2085 722
2085 699
2090 724
2090 700
2095 726
2095 702
2100 728
2100 704
2105 729
2105 706
2110 731
2110 708
2115 733
2115 709
2120 735
2120 711
2125 737
2125 713
2130 738
2130 715
2135 740
2135 716
2140 742
2140 718
2145 744
2145 720
2150 746
2150 722
2155 747
2155 723
2160 749
2160 725
2165 751
2165 727
2170 753
2170 729
2175 755
2175 730
2180 756
2180 732
2185 758
2185 734
2190 760
2190 736
2195 762
2195 737
2200 764
2200 739
2205 766
2205 741
2210 767
2210 743
2215 769
2215 744
2220 771
2220 746
2225 773
2225 748
2230 775
2230 750
2235 776
2235 752
2240 778
2240 753
2245 780
2245 755
2250 782
2250 757
2255 784
2255 758
2260 786
2260 760
2265 787
2265 762
2270 789
2270 764
2275 791
2275 766
2280 793
2280 767
2285 795
2285 769
2290 796
2290 771
2295 798
2295 772
2300 800
2300 774
2305 802
2305 776
2310 804
2310 778
2315 806
2315 780
2320 807
2320 781
2325 809
2325 783
2330 811
2330 785
2335 813
2335 787
2340 815
2340 789
2345 816
2345 790
2350 818
2350 792
2355 820
2355 794
2360 822
2360 796
2365 824
2365 797
2370 826
2370 799
2375 827
2375 801
2380 829
2380 803
2385 831
2385 804
2390 833
2390 806
2395 835
2395 808
2400 836
2400 810
2405 838
2405 812
2410 840
2410 813
2415 842
2415 815
2420 844
2420 817
2425 846
2425 818
2430 847
2430 820
2435 849
2435 822
2440 851
2440 824
2445 853
2445 825
2450 855
2450 827
2455 857
2455 829
2460 858
2460 831
2465 860
2465 832
2470 862
2470 834
2475 864
2475 836
2480 866
2480 838
2485 868
2485 839
2490 869
2490 841
2495 871
2495 843
2500 873
2500 844
2505 875
2505 846
2510 877
2510 848
2515 878
2515 850
2520 880
2520 852
2525 882
2525 853
2530 884
2530 855
2535 886
2535 857
2540 887
2540 858
2545 889
2545 860
2550 891
2550 862
2555 893
2555 864
2560 894
2560 866
2565 896
2565 867
2570 898
2570 869
2575 900
2575 871
2580 902
2580 872
2585 903
2585 874
2590 905
2590 876
2595 907
2595 878
2600 909
2600 880
2605 910
2605 881
2610 912
2610 883
2615 914
2615 885
2620 916
2620 887
2625 917
2625 888
2630 919
2630 890
2635 921
2635 892
2640 923
2640 894
2645 924
2645 895
2650 926
2650 897
2655 928
2655 899
2660 930
2660 900
2665 932
2665 902
2670 933
2670 904
2675 935
2675 906
2680 937
2680 907
2685 939
2685 909
2690 940
2690 911
2695 942
2695 912
2700 944
2700 914
2705 946
2705 916
2710 948
2710 918
2715 949
2715 919
2720 951
2720 921
2725 953
2725 923
2730 955
2730 924
2735 956
2735 926
2740 958
2740 928
2745 960
2745 930
2750 962
2750 931
2755 964
2755 933
2760 965
2760 935
2765 967
2765 936
2770 969
2770 938
2775 971
2775 940
2780 973
2780 941
2785 974
2785 943
2790 976
2790 945
2795 978
2795 946
2800 980
2800 948
2805 981
2805 950
2810 983
2810 952
2815 985
2815 953
2820 987
2820 955
2825 988
2825 957
2830 990
2830 958
2835 992
2835 960
2840 994
2840 962
2845 996
2845 963
2850 997
2850 965
2855 999
2855 967
2860 1001
2860 968
2865 1003
2865 970
2870 1004
2870 972
2875 1006
2875 974
2880 1008
2880 975
2885 1010
2885 977
2890 1011
2890 979
2895 1013
2895 980
2900 1015
2900 982
2905 1017
2905 984
2910 1018
2910 986
2915 1020
2915 987
2920 1022
2920 989
2925 1024
2925 990
2930 1026
2930 992
2935 1027
2935 994
2940 1029
2940 996
2945 1031
2945 997
2950 1033
2950 999
2955 1034
2955 1000
2960 1036
2960 1002
2965 1038
2965 1004
2970 1040
2970 1006
2975 1042
2975 1007
2980 1043
2980 1009
2985 1045
2985 1011
2990 1047
2990 1012
2995 1049
2995 1014
3000 1051
3000 1016
3005 1052
3005 1017
3010 1054
3010 1019
3015 1056
3015 1021
3020 1058
3020 1022
3025 1059
3025 1024
3030 1061
3030 1026
3035 1063
3035 1028
3040 1065
3040 1029
3045 1067
3045 1031
3050 1068
3050 1033
3055 1070
3055 1035
3060 1072
3060 1036
3065 1074
3065 1038
3070 1076
3070 1040
3075 1077
3075 1042
3080 1079
3080 1043
3085 1081
3085 1045
3090 1083
3090 1047
3095 1084
3095 1048
3100 1086
3100 1050
3105 1088
3105 1052
3110 1090
3110 1054
3115 1092
3115 1056
3120 1093
3120 1057
3125 1095
3125 1059
3130 1097
3130 1061
3135 1099
3135 1063
3140 1100
3140 1064
3145 1102
3145 1066
3150 1104
3150 1068
3155 1106
3155 1070
3160 1108
3160 1071
3165 1109
3165 1073
3170 1111
3170 1075
3175 1113
3175 1077
3180 1115
3180 1078
3185 1117
3185 1080
3190 1118
3190 1082
3195 1120
3195 1084
3200 1122
3200 1085
3205 1124
3205 1087
3210 1126
3210 1089
3215 1127
3215 1091
3220 1129
3220 1092
3225 1131
3225 1094
3230 1133
3230 1096
3235 1135
3235 1098
3240 1136
3240 1099
3245 1138
3245 1101
3250 1140
3250 1103
3255 1142
3255 1105
3260 1144
3260 1106
3265 1146
3265 1108
3270 1147
3270 1110
3275 1149
3275 1112
3280 1151
3280 1113
3285 1153
3285 1115
3290 1154
3290 1117
3295 1156
3295 1119
3300 1158
3300 1120
3305 1160
3305 1122
3310 1162
3310 1124
3315 1164
3315 1126
3320 1165
3320 1128
3325 1167
3325 1129
3330 1169
3330 1131
3335 1171
3335 1133
3340 1173
3340 1135
3345 1174
3345 1136
3350 1176
3350 1138
3355 1178
3355 1140
3360 1180
3360 1142
3365 1182
3365 1144
3370 1183
3370 1145
3375 1185
3375 1147
3380 1187
3380 1149
3385 1189
3385 1151
3390 1191
3390 1152
3395 1192
3395 1154
3400 1194
3400 1156
3405 1196
3405 1158
3410 1198
3410 1160
3415 1200
3415 1161
3420 1201
3420 1163
3425 1203
3425 1165
3430 1205
3430 1167
3435 1207
3435 1168
3440 1209
3440 1170
3445 1210
3445 1172
3450 1212
3450 1174
3455 1214
3455 1176
3460 1216
3460 1177
3465 1218
3465 1179
3470 1220
3470 1181
3475 1222
3475 1182
3480 1223
3480 1184
3485 1225
3485 1186
3490 1227
3490 1188
3495 1229
3495 1189
3500 1231
3500 1191
3505 1233
3505 1193
3510 1234
3510 1195
3515 1236
3515 1196
3520 1238
3520 1198
3525 1240
3525 1200
3530 1242
3530 1202
3535 1244
3535 1203
3540 1245
3540 1205
3545 1247
3545 1207
3550 1249
3550 1209
3555 1251
3555 1210
3560 1252
3560 1212
3565 1254
3565 1214
3570 1256
3570 1216
3575 1258
3575 1217
3580 1260
3580 1219
3585 1262
3585 1221
3590 1263
3590 1223
3595 1265
3595 1224
3600 1267
3600 1226
3605 1269
3605 1228
3610 1270
3610 1230
3615 1272
3615 1231
3620 1274
3620 1233
3625 1276
3625 1235
3630 1277
3630 1237
3635 1279
3635 1238
3640 1281
3640 1240
3645 1283
3645 1242
3650 1284
3650 1244
3655 1286
3655 1246
3660 1288
3660 1247
3665 1290
3665 1249
3670 1292
3670 1251
3675 1293
3675 1252
3680 1295
3680 1254
3685 1297
3685 1256
3690 1298
3690 1258
3695 1300
3695 1259
3700 1302
3700 1261
3705 1304
3705 1263
3710 1306
3710 1264
3715 1307
3715 1266
3720 1309
3720 1268
3725 1311
3725 1270
3730 1313
3730 1271
3735 1314
3735 1273
3740 1316
3740 1275
3745 1318
3745 1276
3750 1320
3750 1278
3755 1322
3755 1280
3760 1323
3760 1282
3765 1325
3765 1283
3770 1327
3770 1285
3775 1329
3775 1287
3780 1330
3780 1288
3785 1332
3785 1290
3790 1334
3790 1292
3795 1336
3795 1294
3800 1338
3800 1295
3805 1339
3805 1297
3810 1341
3810 1298
3815 1343
3815 1300
3820 1344
3820 1302
3825 1346
3825 1304
3830 1348
3830 1305
3835 1350
3835 1307
3840 1352
3840 1308
3845 1353
3845 1310
3850 1355
3850 1312
3855 1357
3855 1314
3860 1359
3860 1315
3865 1360
3865 1317
3870 1362
3870 1319
3875 1364
3875 1320
3880 1366
3880 1322
3885 1367
3885 1324
3890 1369
3890 1325
3895 1371
3895 1327
3900 1372
3900 1329
3905 1374
3905 1330
3910 1376
3910 1332
3915 1378
3915 1334
3920 1380
3920 1336
3925 1381
3925 1337
3930 1383
3930 1339
3935 1385
3935 1341
3940 1387
3940 1342
3945 1388
3945 1344
3950 1390
3950 1346
3955 1392
3955 1347
3960 1394
3960 1349
3965 1395
3965 1351
3970 1397
3970 1352
3975 1399
3975 1354
3980 1400
3980 1356
3985 1402
3985 1357
3990 1404
3990 1359
3995 1406
3995 1361
4000 1408
4000 1362
4005 1409
4005 1364
4010 1411
4010 1366
4015 1413
4015 1368
4020 1415
4020 1369
4025 1416
4025 1371
4030 1418
4030 1372
4035 1420
4035 1374
4040 1422
4040 1376
4045 1424
4045 1378
4050 1425
4050 1379
4055 1427
4055 1381
4060 1429
4060 1383
4065 1431
4065 1384
4070 1432
4070 1386
4075 1434
4075 1388
4080 1436
4080 1390
4085 1438
4085 1391
4090 1440
4090 1393
4095 1441
4095 1395
4100 1443
4100 1397
4105 1445
4105 1398
4110 1447
4110 1400
4115 1448
4115 1402
4120 1450
4120 1404
4125 1452
4125 1405
4130 1454
4130 1407
4135 1456
4135 1409
4140 1458
4140 1411
4145 1459
4145 1412
4150 1461
4150 1414
4155 1463
4155 1416
4160 1465
4160 1418
4165 1466
4165 1420
4170 1468
4170 1421
4175 1470
4175 1423
4180 1472
4180 1425
4185 1474
4185 1426
4190 1475
4190 1428
4195 1477
4195 1430
4200 1479
4200 1432
4205 1481
4205 1434
4210 1483
4210 1435
4215 1484
4215 1437
4220 1486
4220 1439
4225 1488
4225 1440
4230 1490
4230 1442
4235 1492
4235 1444
4240 1494
4240 1446
4245 1495
4245 1448
4250 1497
4250 1449
4255 1499
4255 1451
4260 1501
4260 1453
4265 1503
4265 1454
4270 1505
4270 1456
4275 1506
4275 1458
4280 1508
4280 1460
4285 1510
4285 1461
4290 1512
4290 1463
4295 1514
4295 1465
4300 1515
4300 1467
4305 1517
4305 1468
4310 1519
4310 1470
4315 1521
4315 1472
4320 1523
4320 1474
4325 1525
4325 1475
4330 1526
4330 1477
4335 1528
4335 1479
4340 1530
4340 1481
4345 1532
4345 1482
4350 1534
4350 1484
4355 1536
4355 1486
4360 1537
4360 1488
4365 1539
4365 1490
4370 1541
4370 1491
4375 1543
4375 1493
4380 1545
4380 1495
4385 1546
4385 1496
4390 1548
4390 1498
4395 1550
4395 1500
4400 1552
4400 1502
4405 1554
4405 1504
4410 1556
4410 1505
4415 1557
4415 1507
4420 1559
4420 1509
4425 1561
4425 1510
4430 1563
4430 1512
4435 1564
4435 1514
4440 1566
4440 1516
4445 1568
4445 1518
4450 1570
4450 1519
4455 1572
4455 1521
4460 1574
4460 1523
4465 1576
4465 1524
4470 1577
4470 1526
4475 1579
4475 1528
4480 1581
4480 1530
4485 1583
4485 1532
4490 1585
4490 1533
4495 1586
4495 1535
4500 1588
4500 1537
4505 1590
4505 1538
4510 1592
4510 1540
4515 1594
4515 1542
4520 1596
4520 1544
4525 1598
4525 1545
4530 1599
4530 1547
4535 1601
4535 1549
4540 1603
4540 1551
4545 1605
4545 1552
4550 1606
4550 1554
4555 1608
4555 1556
4560 1610
4560 1558
4565 1612
4565 1559
4570 1614
4570 1561
4575 1616
4575 1563
4580 1617
4580 1564
4585 1619
4585 1566
4590 1621
4590 1568
4595 1623
4595 1570
4600 1624
4600 1572
4605 1626
4605 1573
4610 1628
4610 1575
4615 1630
4615 1577
4620 1632
4620 1578
4625 1633
4625 1580
4630 1635
4630 1582
4635 1637
4635 1584
4640 1639
4640 1586
4645 1640
4645 1587
4650 1642
4650 1589
4655 1644
4655 1591
4660 1646
4660 1592
4665 1647
4665 1594
4670 1649
4670 1596
4675 1651
4675 1598
4680 1653
4680 1599
4685 1654
4685 1601
4690 1656
4690 1603
4695 1658
4695 1604
4700 1660
4700 1606
4705 1661
4705 1608
4710 1663
4710 1610
4715 1665
4715 1611
4720 1667
4720 1613
4725 1668
4725 1615
4730 1670
4730 1616
4735 1672
4735 1618
4740 1674
4740 1620
4745 1675
4745 1622
4750 1677
4750 1623
4755 1679
4755 1625
4760 1681
4760 1627
4765 1682
4765 1629
4770 1684
4770 1630
4775 1686
4775 1632
4780 1688
4780 1634
4785 1690
4785 1635
4790 1691
4790 1637
4795 1693
4795 1639
4800 1695
4800 1640
4805 1697
4805 1642
4810 1698
4810 1644
4815 1700
4815 1646
4820 1702
4820 1647
4825 1704
4825 1649
4830 1705
4830 1651
4835 1707
4835 1652
4840 1709
4840 1654
4845 1711
4845 1656
4850 1713
4850 1658
4855 1714
4855 1659
4860 1716
4860 1661
4865 1718
4865 1662
4870 1720
4870 1664
4875 1722
4875 1666
4880 1723
4880 1668
4885 1725
4885 1669
4890 1727
4890 1671
4895 1729
4895 1673
4900 1730
4900 1674
4905 1732
4905 1676
4910 1734
4910 1678
4915 1736
4915 1680
4920 1738
4920 1681
4925 1739
4925 1683
4930 1741
4930 1685
4935 1743
4935 1686
4940 1744
4940 1688
4945 1746
4945 1690
4950 1748
4950 1691
4955 1750
4955 1693
4960 1751
4960 1695
4965 1753
4965 1696
4970 1755
4970 1698
4975 1757
4975 1700
4980 1758
4980 1702
4985 1760
4985 1703
4990 1762
4990 1705
4995 1764
4995 1706
5000 1766
5000 1708
5005 1767
5005 1710
5010 1769
5010 1711
5015 1771
5015 1713
5020 1773
5020 1715
5025 1774
5025 1716
5030 1776
5030 1718
5035 1778
5035 1720
5040 1780
5040 1722
5045 1782
5045 1723
5050 1783
5050 1725
5055 1785
5055 1726
5060 1787
5060 1728
5065 1789
5065 1730
5070 1790
5070 1732
5075 1792
5075 1733
5080 1794
5080 1735
5085 1796
5085 1737
5090 1798
5090 1738
5095 1799
5095 1740
5100 1801
5100 1742
5105 1803
5105 1744
5110 1805
5110 1745
5115 1806
5115 1747
5120 1808
5120 1749
5125 1810
5125 1750
5130 1812
5130 1752
5135 1814
5135 1754
5140 1815
5140 1756
5145 1817
5145 1757
5150 1819
5150 1759
5155 1821
5155 1761
5160 1822
5160 1763
5165 1824
5165 1764
5170 1826
5170 1766
5175 1828
5175 1768
5180 1830
5180 1770
5185 1831
5185 1771
5190 1833
5190 1773
5195 1835
5195 1775
5200 1837
5200 1777
5205 1839
5205 1778
5210 1840
5210 1780
5215 1842
5215 1782
5220 1844
5220 1784
5225 1846
5225 1785
5230 1848
5230 1787
5235 1849
5235 1789
5240 1851
5240 1790
5245 1853
5245 1792
5250 1855
5250 1794
5255 1856
5255 1796
5260 1858
5260 1797
5265 1860
5265 1799
5270 1862
5270 1801
5275 1864
5275 1803
5280 1866
5280 1804
5285 1867
5285 1806
5290 1869
5290 1808
5295 1871
5295 1810
5300 1873
5300 1811
5305 1874
5305 1813
5310 1876
5310 1815
5315 1878
5315 1816
5320 1880
5320 1818
5325 1882
5325 1820
5330 1884
5330 1822
5335 1885
5335 1824
5340 1887
5340 1825
5345 1889
5345 1827
5350 1891
5350 1829
5355 1893
5355 1831
5360 1894
5360 1832
5365 1896
5365 1834
5370 1898
5370 1836
5375 1900
5375 1838
5380 1902
5380 1840
5385 1903
5385 1841
5390 1905
5390 1843
5395 1907
5395 1845
5400 1909
5400 1847
5405 1911
5405 1848
5410 1912
5410 1850
5415 1914
5415 1852
5420 1916
5420 1854
5425 1918
5425 1856
5430 1920
5430 1857
5435 1921
5435 1859
5440 1923
5440 1861
5445 1925
5445 1863
5450 1927
5450 1864
5455 1929
5455 1866
5460 1930
5460 1868
5465 1932
5465 1870
5470 1934
5470 1872
5475 1936
5475 1873
5480 1938
5480 1875
5485 1940
5485 1877
5490 1941
5490 1878
5495 1943
5495 1880
5500 1945
5500 1882
5505 1947
5505 1884
5510 1949
5510 1886
5515 1950
5515 1887
5520 1952
5520 1889
5525 1954
5525 1891
5530 1956
5530 1893
5535 1958
5535 1894
5540 1960
5540 1896
5545 1962
5545 1898
5550 1963
5550 1900
5555 1965
5555 1901
5560 1967
5560 1903
5565 1969
5565 1905
5570 1970
5570 1907
5575 1972
5575 1908
5580 1974
5580 1910
5585 1976
5585 1912
5590 1978
5590 1914
5595 1980
5595 1915
5600 1982
5600 1917
5605 1983
5605 1919
5610 1985
5610 1921
5615 1987
5615 1922
5620 1989
5620 1924
5625 1991
5625 1926
5630 1992
5630 1928
5635 1994
5635 1929
5640 1996
5640 1931
5645 1998
5645 1933
5650 2000
5650 1934
5655 2001
5655 1936
5660 2003
5660 1938
5665 2005
5665 1940
5670 2007
5670 1942
5675 2008
5675 1943
5680 2010
5680 1945
5685 2012
5685 1947
5690 2014
5690 1948
5695 2016
5695 1950
5700 2017
5700 1952
5705 2019
5705 1954
5710 2021
5710 1955
5715 2023
5715 1957
5720 2024
5720 1959
5725 2026
5725 1960
5730 2028
5730 1962
5735 2030
5735 1964
5740 2032
5740 1966
5745 2033
5745 1967
5750 2035
5750 1969
5755 2037
5755 1971
5760 2038
5760 1972
5765 2040
5765 1974
5770 2042
5770 1976
5775 2044
5775 1978
5780 2045
5780 1979
5785 2047
5785 1981
5790 2049
5790 1983
5795 2051
5795 1984
5800 2052
5800 1986
5805 2054
5805 1988
5810 2056
5810 1990
5815 2058
5815 1991
5820 2059
5820 1993
5825 2061
5825 1995
5830 2063
5830 1996
5835 2064
5835 1998
5840 2066
5840 2000
5845 2068
5845 2001
5850 2070
5850 2003
5855 2072
5855 2005
5860 2073
5860 2006
5865 2075
5865 2008
5870 2077
5870 2010
5875 2078
5875 2012
5880 2080
5880 2013
5885 2082
5885 2015
5890 2084
5890 2017
5895 2085
5895 2018
5900 2087
5900 2020
5905 2089
5905 2022
5910 2091
5910 2024
5915 2092
5915 2025
5920 2094
5920 2027
5925 2096
5925 2029
5930 2098
5930 2030
5935 2099
5935 2032
5940 2101
5940 2034
5945 2103
5945 2036
5950 2105
5950 2037
5955 2106
5955 2039
5960 2108
5960 2041
5965 2110
5965 2042
5970 2111
5970 2044
5975 2113
5975 2046
5980 2115
5980 2047
5985 2117
5985 2049
5990 2118
5990 2051
5995 2120
5995 2052
