10 0
10 0
10 -1
15 0
15 0
15 -1
20 0
20 0
20 -1
25 0
25 0
25 -1
30 0
30 0
30 -1
35 0
35 0
35 -1
40 0
40 0
40 -1
45 0
45 0
45 -1
50 0
50 0
50 -1
55 0
55 0
55 26
60 0
60 0
60 -1
65 0
65 0
65 -1
70 0
70 0
70 -1
75 0
75 0
75 -1
80 0
80 0
80 -1
85 0
85 0
85 -1
90 0
90 0
90 -1
95 0
95 0
95 -1
100 0
100 0
100 -1
105 0
105 0
105 -1
110 0
110 0
110 -1
115 0
115 0
115 -1
120 0
120 0
120 -1
125 0
125 0
125 -1
130 0
130 0
130 -1
135 0
135 0
135 -1
140 0
140 0
140 -1
145 0
145 0
145 -1
150 0
150 0
150 -1
155 0
155 0
155 -1
160 0
160 0
160 -1
165 0
165 0
165 -1
170 0
170 0
170 -1
175 0
175 0
175 -1
180 0
180 0
180 -1
185 0
185 0
185 -1
190 0
190 0
190 -1
195 0
195 0
195 -1
200 0
200 0
200 -1
205 0
205 0
205 -1
210 0
210 0
210 -1
215 0
215 0
215 -1
220 0
220 0
220 -1
225 0
225 0
225 -1
230 0
230 0
230 -1
235 0
235 0
235 -1
240 0
240 0
240 -1
245 0
245 0
245 -1
250 0
250 0
250 -1
255 0
255 0
255 26
260 0
260 0
260 -1
265 0
265 0
265 -1
270 0
270 0
270 -1
275 0
275 0
275 -1
280 0
280 0
280 -1
285 0
285 0
285 -1
290 0
290 0
290 -1
295 0
295 0
295 -1
300 0
300 0
300 -1
305 0
305 0
305 -1
310 0
310 0
310 -1
315 0
315 0
315 -1
320 0
320 0
320 -1
325 0
325 0
325 -1
330 0
330 0
330 -1
335 0
335 0
335 -1
340 0
340 0
340 -1
345 0
345 0
345 -1
350 0
350 0
350 -1
355 0
355 0
355 -1
360 0
360 0
360 -1
365 0
365 0
365 -1
370 0
370 0
370 -1
375 0
375 0
375 -1
380 0
380 0
380 -1
385 0
385 0
385 -1
390 0
390 0
390 -1
395 0
395 0
395 -1
400 0
400 0
400 -1
405 0
405 0
405 -1
410 0
410 0
410 -1
415 0
415 0
415 -1
420 0
420 0
420 -1
425 0
425 0
425 -1
430 0
430 0
430 -1
435 0
435 0
435 -1
440 0
440 0
440 -1
445 0
445 0
445 -1
450 0
450 0
450 -1
455 0
455 0
455 26
460 0
460 0
460 -1
465 0
465 0
465 -1
470 0
470 0
470 -1
475 0
475 0
475 -1
480 0
480 0
480 -1
485 0
485 0
485 -1
490 0
490 0
490 -1
495 0
495 0
495 -1
500 0
500 0
500 -1
505 0
505 0
505 -1
510 0
510 0
510 -1
515 0
515 0
515 -1
520 0
520 0
520 -1
525 0
525 0
525 -1
530 0
530 0
530 -1
535 0
535 0
535 -1
540 0
540 0
540 -1
545 0
545 0
545 -1
550 0
550 0
550 -1
555 0
555 0
555 -1
560 0
560 0
560 -1
565 0
565 0
565 -1
570 0
570 0
570 -1
575 0
575 0
575 -1
580 0
580 0
580 -1
585 0
585 0
585 -1
590 0
590 0
590 -1
595 0
595 0
595 -1
600 0
600 0
600 -1
605 0
605 0
605 -1
610 0
610 0
610 -1
615 0
615 0
615 -1
620 0
620 0
620 -1
625 0
625 0
625 -1
630 0
630 0
630 -1
635 0
635 0
635 -1
640 0
640 0
640 -1
645 0
645 0
645 -1
650 0
650 0
650 -1
655 0
655 0
655 26
660 0
660 0
660 -1
665 0
665 0
665 -1
670 0
670 0
670 -1
675 0
675 0
675 -1
680 0
680 0
680 -1
685 0
685 0
685 -1
690 0
690 0
690 -1
695 0
695 0
695 -1
700 0
700 0
700 -1
705 0
705 0
705 -1
710 0
710 0
710 -1
715 0
715 0
715 -1
720 0
720 0
720 -1
725 0
725 0
725 -1
730 0
730 0
730 -1
735 0
735 0
735 -1
740 0
740 0
740 -1
745 0
745 0
745 -1
750 0
750 0
750 -1
755 0
755 0
755 -1
760 0
760 0
760 -1
765 0
765 0
765 -1
770 0
770 0
770 -1
775 0
775 0
775 -1
780 0
780 0
780 -1
785 0
785 0
785 -1
790 0
790 0
790 -1
795 0
795 0
795 -1
800 0
800 0
800 -1
805 0
805 0
805 -1
810 0
810 0
810 -1
815 0
815 0
815 -1
820 0
820 0
820 -1
825 0
825 0
825 -1
830 0
830 0
830 -1
835 0
835 0
835 -1
840 0
840 0
840 -1
845 0
845 0
845 -1
850 0
850 0
850 -1
855 0
855 0
855 26
860 0
860 0
860 -1
865 0
865 0
865 -1
870 0
870 0
870 -1
875 0
875 0
875 -1
880 0
880 0
880 -1
885 0
885 0
885 -1
890 0
890 0
890 -1
895 0
895 0
895 -1
900 0
900 0
900 -1
905 0
905 0
905 -1
910 0
910 0
910 -1
915 0
915 0
915 -1
920 0
920 0
920 -1
925 0
925 0
925 -1
930 0
930 0
930 -1
935 0
935 0
935 -1
940 0
940 0
940 -1
945 0
945 0
945 -1
950 0
950 0
950 -1
955 0
955 0
955 -1
960 0
960 0
960 -1
965 0
965 0
965 -1
970 0
970 0
970 -1
975 0
975 0
975 -1
980 0
980 0
980 -1
985 0
985 0
985 -1
990 0
990 0
990 -1
995 0
995 0
995 -1
1000 0
1000 0
1000 -1
1005 0
1005 0
1005 -1
1010 0
1010 0
1010 -1
1015 0
1015 0
1015 -1
1020 0
1020 0
1020 -1
1025 0
1025 0
1025 -1
1030 0
1030 0
1030 -1
1035 0
1035 0
1035 -1
1040 0
1040 0
1040 -1
1045 0
1045 0
1045 -1
1050 0
1050 0
1050 -1
1055 0
1055 0
1055 26
1060 0
1060 0
1060 -1
1065 0
1065 0
1065 -1
1070 0
1070 0
1070 -1
1075 0
1075 0
1075 -1
1080 0
1080 0
1080 -1
1085 0
1085 0
1085 -1
1090 0
1090 0
1090 -1
1095 0
1095 0
1095 -1
1100 0
1100 0
1100 -1
1105 0
1105 0
1105 -1
1110 0
1110 0
1110 -1
1115 0
1115 0
1115 -1
1120 0
1120 0
1120 -1
1125 0
1125 0
1125 -1
1130 0
1130 0
1130 -1
1135 0
1135 0
1135 -1
1140 0
1140 0
1140 -1
1145 0
1145 0
1145 -1
1150 0
1150 0
1150 -1
1155 0
1155 0
1155 -1
1160 0
1160 0
1160 -1
1165 0
1165 0
1165 -1
1170 0
1170 0
1170 -1
1175 0
1175 0
1175 -1
1180 0
1180 0
1180 -1
1185 0
1185 0
1185 -1
1190 0
1190 0
1190 -1
1195 0
1195 0
1195 -1
1200 0
1200 0
1200 -1
1205 0
1205 0
1205 -1
1210 0
1210 0
1210 -1
1215 0
1215 0
1215 -1
1220 0
1220 0
1220 -1
1225 0
1225 0
1225 -1
1230 0
1230 0
1230 -1
1235 0
1235 0
1235 -1
1240 0
1240 0
1240 -1
1245 0
1245 0
1245 -1
1250 0
1250 0
1250 -1
1255 0
1255 0
1255 26
1260 0
1260 0
1260 -1
1265 0
1265 0
1265 -1
1270 0
1270 0
1270 -1
1275 0
1275 0
1275 -1
1280 0
1280 0
1280 -1
1285 0
1285 0
1285 -1
1290 0
1290 0
1290 -1
1295 0
1295 0
1295 -1
1300 0
1300 0
1300 -1
1305 0
1305 0
1305 -1
1310 0
1310 0
1310 -1
1315 0
1315 0
1315 -1
1320 0
1320 0
1320 -1
1325 0
1325 0
1325 -1
1330 0
1330 0
1330 -1
1335 0
1335 0
1335 -1
1340 0
1340 0
1340 -1
1345 0
1345 0
1345 -1
1350 0
1350 0
1350 -1
1355 0
1355 0
1355 -1
1360 0
1360 0
1360 -1
1365 0
1365 0
1365 -1
1370 0
1370 0
1370 -1
1375 0
1375 0
1375 -1
1380 0
1380 0
1380 -1
1385 0
1385 0
1385 -1
1390 0
1390 0
1390 -1
1395 0
1395 0
1395 -1
1400 0
1400 0
1400 -1
1405 0
1405 0
1405 -1
1410 0
1410 0
1410 -1
1415 0
1415 0
1415 -1
1420 0
1420 0
1420 -1
1425 0
1425 0
1425 -1
1430 0
1430 0
1430 -1
1435 0
1435 0
1435 -1
1440 0
1440 0
1440 -1
1445 0
1445 0
1445 -1
1450 0
1450 0
1450 -1
1455 0
1455 0
1455 26
1460 0
1460 0
1460 -1
1465 0
1465 0
1465 -1
1470 0
1470 0
1470 -1
1475 0
1475 0
1475 -1
1480 0
1480 0
1480 -1
1485 0
1485 0
1485 -1
1490 0
1490 0
1490 -1
1495 0
1495 0
1495 -1
1500 0
1500 0
1500 -1
1505 0
1505 0
1505 -1
1510 0
1510 0
1510 -1
1515 0
1515 0
1515 -1
1520 0
1520 0
1520 -1
1525 0
1525 0
1525 -1
1530 0
1530 0
1530 -1
1535 0
1535 0
1535 -1
1540 0
1540 0
1540 -1
1545 0
1545 0
1545 -1
1550 0
1550 0
1550 -1
1555 0
1555 0
1555 -1
1560 0
1560 0
1560 -1
1565 0
1565 0
1565 -1
1570 0
1570 0
1570 -1
1575 0
1575 0
1575 -1
1580 0
1580 0
1580 -1
1585 0
1585 0
1585 -1
1590 0
1590 0
1590 -1
1595 0
1595 0
1595 -1
1600 0
1600 0
1600 -1
1605 0
1605 0
1605 -1
1610 0
1610 0
1610 -1
1615 0
1615 0
1615 -1
1620 0
1620 0
1620 -1
1625 0
1625 0
1625 -1
1630 0
1630 0
1630 -1
1635 0
1635 0
1635 -1
1640 0
1640 0
1640 -1
1645 0
1645 0
1645 -1
1650 0
1650 0
1650 -1
1655 0
1655 0
1655 26
1660 0
1660 0
1660 -1
1665 0
1665 0
1665 -1
1670 0
1670 0
1670 -1
1675 0
1675 0
1675 -1
1680 0
1680 0
1680 -1
1685 0
1685 0
1685 -1
1690 0
1690 0
1690 -1
1695 0
1695 0
1695 -1
1700 0
1700 0
1700 -1
1705 0
1705 0
1705 -1
1710 0
1710 0
1710 -1
1715 0
1715 0
1715 -1
1720 0
1720 0
1720 -1
1725 0
1725 0
1725 -1
1730 0
1730 0
1730 -1
1735 0
1735 0
1735 -1
1740 0
1740 0
1740 -1
1745 0
1745 0
1745 -1
1750 0
1750 0
1750 -1
1755 0
1755 0
1755 -1
1760 0
1760 0
1760 -1
1765 0
1765 0
1765 -1
1770 0
1770 0
1770 -1
1775 0
1775 0
1775 -1
1780 0
1780 0
1780 -1
1785 0
1785 0
1785 -1
1790 0
1790 0
1790 -1
1795 0
1795 0
1795 -1
1800 0
1800 0
1800 -1
1805 0
1805 0
1805 -1
1810 0
1810 0
1810 -1
1815 0
1815 0
1815 -1
1820 0
1820 0
1820 -1
1825 0
1825 0
1825 -1
1830 0
1830 0
1830 -1
1835 0
1835 0
1835 -1
1840 0
1840 0
1840 -1
1845 0
1845 0
1845 -1
1850 0
1850 0
1850 -1
1855 0
1855 0
1855 26
1860 0
1860 0
1860 -1
1865 0
1865 0
1865 -1
1870 0
1870 0
1870 -1
1875 0
1875 0
1875 -1
1880 0
1880 0
1880 -1
1885 0
1885 0
1885 -1
1890 0
1890 0
1890 -1
1895 0
1895 0
1895 -1
1900 0
1900 0
1900 -1
1905 0
1905 0
1905 -1
1910 0
1910 0
1910 -1
1915 0
1915 0
1915 -1
1920 0
1920 0
1920 -1
1925 0
1925 0
1925 -1
1930 0
1930 0
1930 -1
1935 0
1935 0
1935 -1
1940 0
1940 0
1940 -1
1945 0
1945 0
1945 -1
1950 0
1950 0
1950 -1
1955 0
1955 0
1955 -1
1960 0
1960 0
1960 -1
1965 0
1965 0
1965 -1
1970 0
1970 0
1970 -1
1975 0
1975 0
1975 -1
1980 0
1980 0
1980 -1
1985 0
1985 0
1985 -1
1990 0
1990 0
1990 -1
1995 0
1995 0
1995 -1
2000 0
2000 0
2000 -1
2005 0
2005 0
2005 -1
2010 0
2010 0
2010 -1
2015 0
2015 0
2015 -1
2020 0
2020 0
2020 -1
2025 0
2025 0
2025 -1
2030 0
2030 0
2030 -1
2035 0
2035 0
2035 -1
2040 0
2040 0
2040 -1
2045 0
2045 0
2045 -1
2050 0
2050 0
2050 -1
2055 0
2055 0
2055 26
2060 0
2060 0
2060 -1
2065 0
2065 0
2065 -1
2070 0
2070 0
2070 -1
2075 0
2075 0
2075 -1
2080 0
2080 0
2080 -1
2085 0
2085 0
2085 -1
2090 0
2090 0
2090 -1
2095 0
2095 0
2095 -1
2100 0
2100 0
2100 -1
2105 0
2105 0
2105 -1
2110 0
2110 0
2110 -1
2115 0
2115 0
2115 -1
2120 0
2120 0
2120 -1
2125 0
2125 0
2125 -1
2130 0
2130 0
2130 -1
2135 0
2135 0
2135 -1
2140 0
2140 0
2140 -1
2145 0
2145 0
2145 -1
2150 0
2150 0
2150 -1
2155 0
2155 0
2155 -1
2160 0
2160 0
2160 -1
2165 0
2165 0
2165 -1
2170 0
2170 0
2170 -1
2175 0
2175 0
2175 -1
2180 0
2180 0
2180 -1
2185 0
2185 0
2185 -1
2190 0
2190 0
2190 -1
2195 0
2195 0
2195 -1
2200 0
2200 0
2200 -1
2205 0
2205 0
2205 -1
2210 0
2210 0
2210 -1
2215 0
2215 0
2215 -1
2220 0
2220 0
2220 -1
2225 0
2225 0
2225 -1
2230 0
2230 0
2230 -1
2235 0
2235 0
2235 -1
2240 0
2240 0
2240 -1
2245 0
2245 0
2245 -1
2250 0
2250 0
2250 -1
2255 0
2255 0
2255 26
2260 0
2260 0
2260 -1
2265 0
2265 0
2265 -1
2270 0
2270 0
2270 -1
2275 0
2275 0
2275 -1
2280 0
2280 0
2280 -1
2285 0
2285 0
2285 -1
2290 0
2290 0
2290 -1
2295 0
2295 0
2295 -1
2300 0
2300 0
2300 -1
2305 0
2305 0
2305 -1
2310 0
2310 0
2310 -1
2315 0
2315 0
2315 -1
2320 0
2320 0
2320 -1
2325 0
2325 0
2325 -1
2330 0
2330 0
2330 -1
2335 0
2335 0
2335 -1
2340 0
2340 0
2340 -1
2345 0
2345 0
2345 -1
2350 0
2350 0
2350 -1
2355 0
2355 0
2355 -1
2360 0
2360 0
2360 -1
2365 0
2365 0
2365 -1
2370 0
2370 0
2370 -1
2375 0
2375 0
2375 -1
2380 0
2380 0
2380 -1
2385 0
2385 0
2385 -1
2390 0
2390 0
2390 -1
2395 0
2395 0
2395 -1
2400 0
2400 0
2400 -1
2405 0
2405 0
2405 -1
2410 0
2410 0
2410 -1
2415 0
2415 0
2415 -1
2420 0
2420 0
2420 -1
2425 0
2425 0
2425 -1
2430 0
2430 0
2430 -1
2435 0
2435 0
2435 -1
2440 0
2440 0
2440 -1
2445 0
2445 0
2445 -1
2450 0
2450 0
2450 -1
2455 0
2455 0
2455 26
2460 0
2460 0
2460 -1
2465 0
2465 0
2465 -1
2470 0
2470 0
2470 -1
2475 0
2475 0
2475 -1
2480 0
2480 0
2480 -1
2485 0
2485 0
2485 -1
2490 0
2490 0
2490 -1
2495 0
2495 0
2495 -1
2500 0
2500 0
2500 -1
2505 0
2505 0
2505 -1
2510 0
2510 0
2510 -1
2515 0
2515 0
2515 -1
2520 0
2520 0
2520 -1
2525 0
2525 0
2525 -1
2530 0
2530 0
2530 -1
2535 0
2535 0
2535 -1
2540 0
2540 0
2540 -1
2545 0
2545 0
2545 -1
2550 0
2550 0
2550 -1
2555 0
2555 0
2555 -1
2560 0
2560 0
2560 -1
2565 0
2565 0
2565 -1
2570 0
2570 0
2570 -1
2575 0
2575 0
2575 -1
2580 0
2580 0
2580 -1
2585 0
2585 0
2585 -1
2590 0
2590 0
2590 -1
2595 0
2595 0
2595 -1
2600 0
2600 0
2600 -1
2605 0
2605 0
2605 -1
2610 0
2610 0
2610 -1
2615 0
2615 0
2615 -1
2620 0
2620 0
2620 -1
2625 0
2625 0
2625 -1
2630 0
2630 0
2630 -1
2635 0
2635 0
2635 -1
2640 0
2640 0
2640 -1
2645 0
2645 0
2645 -1
2650 0
2650 0
2650 -1
2655 0
2655 0
2655 26
2660 0
2660 0
2660 -1
2665 0
2665 0
2665 -1
2670 0
2670 0
2670 -1
2675 0
2675 0
2675 -1
2680 0
2680 0
2680 -1
2685 0
2685 0
2685 -1
2690 0
2690 0
2690 -1
2695 0
2695 0
2695 -1
2700 0
2700 0
2700 -1
2705 0
2705 0
2705 -1
2710 0
2710 0
2710 -1
2715 0
2715 0
2715 -1
2720 0
2720 0
2720 -1
2725 0
2725 0
2725 -1
2730 0
2730 0
2730 -1
2735 0
2735 0
2735 -1
2740 0
2740 0
2740 -1
2745 0
2745 0
2745 -1
2750 0
2750 0
2750 -1
2755 0
2755 0
2755 -1
2760 0
2760 0
2760 -1
2765 0
2765 0
2765 -1
2770 0
2770 0
2770 -1
2775 0
2775 0
2775 -1
2780 0
2780 0
2780 -1
2785 0
2785 0
2785 -1
2790 0
2790 0
2790 -1
2795 0
2795 0
2795 -1
2800 0
2800 0
2800 -1
2805 0
2805 0
2805 -1
2810 0
2810 0
2810 -1
2815 0
2815 0
2815 -1
2820 0
2820 0
2820 -1
2825 0
2825 0
2825 -1
2830 0
2830 0
2830 -1
2835 0
2835 0
2835 -1
2840 0
2840 0
2840 -1
2845 0
2845 0
2845 -1
2850 0
2850 0
2850 -1
2855 0
2855 0
2855 26
2860 0
2860 0
2860 -1
2865 0
2865 0
2865 -1
2870 0
2870 0
2870 -1
2875 0
2875 0
2875 -1
2880 0
2880 0
2880 -1
2885 0
2885 0
2885 -1
2890 0
2890 0
2890 -1
2895 0
2895 0
2895 -1
2900 0
2900 0
2900 -1
2905 0
2905 0
2905 -1
2910 0
2910 0
2910 -1
2915 0
2915 0
2915 -1
2920 0
2920 0
2920 -1
2925 0
2925 0
2925 -1
2930 0
2930 0
2930 -1
2935 0
2935 0
2935 -1
2940 0
2940 0
2940 -1
2945 0
2945 0
2945 -1
2950 0
2950 0
2950 -1
2955 0
2955 0
2955 -1
2960 0
2960 0
2960 -1
2965 0
2965 0
2965 -1
2970 0
2970 0
2970 -1
2975 0
2975 0
2975 -1
2980 0
2980 0
2980 -1
2985 0
2985 0
2985 -1
2990 0
2990 0
2990 -1
2995 0
2995 0
2995 -1
3000 0
3000 0
3000 -1
3005 0
3005 0
3005 -1
3010 0
3010 0
3010 -1
3015 0
3015 0
3015 -1
3020 0
3020 0
3020 -1
3025 0
3025 0
3025 -1
3030 0
3030 0
3030 -1
3035 0
3035 0
3035 -1
3040 0
3040 0
3040 -1
3045 0
3045 0
3045 -1
3050 0
3050 0
3050 -1
3055 0
3055 0
3055 26
3060 0
3060 0
3060 -1
3065 0
3065 0
3065 -1
3070 0
3070 0
3070 -1
3075 0
3075 0
3075 -1
3080 0
3080 0
3080 -1
3085 0
3085 0
3085 -1
3090 0
3090 0
3090 -1
3095 0
3095 0
3095 -1
3100 0
3100 0
3100 -1
3105 0
3105 0
3105 -1
3110 0
3110 0
3110 -1
3115 0
3115 0
3115 -1
3120 0
3120 0
3120 -1
3125 0
3125 0
3125 -1
3130 0
3130 0
3130 -1
3135 0
3135 0
3135 -1
3140 0
3140 0
3140 -1
3145 0
3145 0
3145 -1
3150 0
3150 0
3150 -1
3155 0
3155 0
3155 -1
3160 0
3160 0
3160 -1
3165 0
3165 0
3165 -1
3170 0
3170 0
3170 -1
3175 0
3175 0
3175 -1
3180 0
3180 0
3180 -1
3185 0
3185 0
3185 -1
3190 0
3190 0
3190 -1
3195 0
3195 0
3195 -1
3200 0
3200 0
3200 -1
3205 0
3205 0
3205 -1
3210 0
3210 0
3210 -1
3215 0
3215 0
3215 -1
3220 0
3220 0
3220 -1
3225 0
3225 0
3225 -1
3230 0
3230 0
3230 -1
3235 0
3235 0
3235 -1
3240 0
3240 0
3240 -1
3245 0
3245 0
3245 -1
3250 0
3250 0
3250 -1
3255 0
3255 0
3255 26
3260 0
3260 0
3260 -1
3265 0
3265 0
3265 -1
3270 0
3270 0
3270 -1
3275 0
3275 0
3275 -1
3280 0
3280 0
3280 -1
3285 0
3285 0
3285 -1
3290 0
3290 0
3290 -1
3295 0
3295 0
3295 -1
3300 0
3300 0
3300 -1
3305 0
3305 0
3305 -1
3310 0
3310 0
3310 -1
3315 0
3315 0
3315 -1
3320 0
3320 0
3320 -1
3325 0
3325 0
3325 -1
3330 0
3330 0
3330 -1
3335 0
3335 0
3335 -1
3340 0
3340 0
3340 -1
3345 0
3345 0
3345 -1
3350 0
3350 0
3350 -1
3355 0
3355 0
3355 -1
3360 0
3360 0
3360 -1
3365 0
3365 0
3365 -1
3370 0
3370 0
3370 -1
3375 0
3375 0
3375 -1
3380 0
3380 0
3380 -1
3385 0
3385 0
3385 -1
3390 0
3390 0
3390 -1
3395 0
3395 0
3395 -1
3400 0
3400 0
3400 -1
3405 0
3405 0
3405 -1
3410 0
3410 0
3410 -1
3415 0
3415 0
3415 -1
3420 0
3420 0
3420 -1
3425 0
3425 0
3425 -1
3430 0
3430 0
3430 -1
3435 0
3435 0
3435 -1
3440 0
3440 0
3440 -1
3445 0
3445 0
3445 -1
3450 0
3450 0
3450 -1
3455 0
3455 0
3455 26
3460 0
3460 0
3460 -1
3465 0
3465 0
3465 -1
3470 0
3470 0
3470 -1
3475 0
3475 0
3475 -1
3480 0
3480 0
3480 -1
3485 0
3485 0
3485 -1
3490 0
3490 0
3490 -1
3495 0
3495 0
3495 -1
3500 0
3500 0
3500 -1
3505 0
3505 0
3505 -1
3510 0
3510 0
3510 -1
3515 0
3515 0
3515 -1
3520 0
3520 0
3520 -1
3525 0
3525 0
3525 -1
3530 0
3530 0
3530 -1
3535 0
3535 0
3535 -1
3540 0
3540 0
3540 -1
3545 0
3545 0
3545 -1
3550 0
3550 0
3550 -1
3555 0
3555 0
3555 -1
3560 0
3560 0
3560 -1
3565 0
3565 0
3565 -1
3570 0
3570 0
3570 -1
3575 0
3575 0
3575 -1
3580 0
3580 0
3580 -1
3585 0
3585 0
3585 -1
3590 0
3590 0
3590 -1
3595 0
3595 0
3595 -1
3600 0
3600 0
3600 -1
3605 0
3605 0
3605 -1
3610 0
3610 0
3610 -1
3615 0
3615 0
3615 -1
3620 0
3620 0
3620 -1
3625 0
3625 0
3625 -1
3630 0
3630 0
3630 -1
3635 0
3635 0
3635 -1
3640 0
3640 0
3640 -1
3645 0
3645 0
3645 -1
3650 0
3650 0
3650 -1
3655 0
3655 0
3655 26
3660 0
3660 0
3660 -1
3665 0
3665 0
3665 -1
3670 0
3670 0
3670 -1
3675 0
3675 0
3675 -1
3680 0
3680 0
3680 -1
3685 0
3685 0
3685 -1
3690 0
3690 0
3690 -1
3695 0
3695 0
3695 -1
3700 0
3700 0
3700 -1
3705 0
3705 0
3705 -1
3710 0
3710 0
3710 -1
3715 0
3715 0
3715 -1
3720 0
3720 0
3720 -1
3725 0
3725 0
3725 -1
3730 0
3730 0
3730 -1
3735 0
3735 0
3735 -1
3740 0
3740 0
3740 -1
3745 0
3745 0
3745 -1
3750 0
3750 0
3750 -1
3755 0
3755 0
3755 -1
3760 0
3760 0
3760 -1
3765 0
3765 0
3765 -1
3770 0
3770 0
3770 -1
3775 0
3775 0
3775 -1
3780 0
3780 0
3780 -1
3785 0
3785 0
3785 -1
3790 0
3790 0
3790 -1
3795 0
3795 0
3795 -1
3800 0
3800 0
3800 -1
3805 0
3805 0
3805 -1
3810 0
3810 0
3810 -1
3815 0
3815 0
3815 -1
3820 0
3820 0
3820 -1
3825 0
3825 0
3825 -1
3830 0
3830 0
3830 -1
3835 0
3835 0
3835 -1
3840 0
3840 0
3840 -1
3845 0
3845 0
3845 -1
3850 0
3850 0
3850 -1
3855 0
3855 0
3855 26
3860 0
3860 0
3860 -1
3865 0
3865 0
3865 -1
3870 0
3870 0
3870 -1
3875 0
3875 0
3875 -1
3880 0
3880 0
3880 -1
3885 0
3885 0
3885 -1
3890 0
3890 0
3890 -1
3895 0
3895 0
3895 -1
3900 0
3900 0
3900 -1
3905 0
3905 0
3905 -1
3910 0
3910 0
3910 -1
3915 0
3915 0
3915 -1
3920 0
3920 0
3920 -1
3925 0
3925 0
3925 -1
3930 0
3930 0
3930 -1
3935 0
3935 0
3935 -1
3940 0
3940 0
3940 -1
3945 0
3945 0
3945 -1
3950 0
3950 0
3950 -1
3955 0
3955 0
3955 -1
3960 0
3960 0
3960 -1
3965 0
3965 0
3965 -1
3970 0
3970 0
3970 -1
3975 0
3975 0
3975 -1
3980 0
3980 0
3980 -1
3985 0
3985 0
3985 -1
3990 0
3990 0
3990 -1
3995 0
3995 0
3995 -1
4000 0
4000 0
4000 -1
4005 0
4005 0
4005 -1
4010 0
4010 0
4010 -1
4015 0
4015 0
4015 -1
4020 0
4020 0
4020 -1
4025 0
4025 0
4025 -1
4030 0
4030 0
4030 -1
4035 0
4035 0
4035 -1
4040 0
4040 0
4040 -1
4045 0
4045 0
4045 -1
4050 0
4050 0
4050 -1
4055 0
4055 0
4055 26
4060 0
4060 0
4060 -1
4065 0
4065 0
4065 -1
4070 0
4070 0
4070 -1
4075 0
4075 0
4075 -1
4080 0
4080 0
4080 -1
4085 0
4085 0
4085 -1
4090 0
4090 0
4090 -1
4095 0
4095 0
4095 -1
4100 0
4100 0
4100 -1
4105 0
4105 0
4105 -1
4110 0
4110 0
4110 -1
4115 0
4115 0
4115 -1
4120 0
4120 0
4120 -1
4125 0
4125 0
4125 -1
4130 0
4130 0
4130 -1
4135 0
4135 0
4135 -1
4140 0
4140 0
4140 -1
4145 0
4145 0
4145 -1
4150 0
4150 0
4150 -1
4155 0
4155 0
4155 -1
4160 0
4160 0
4160 -1
4165 0
4165 0
4165 -1
4170 0
4170 0
4170 -1
4175 0
4175 0
4175 -1
4180 0
4180 0
4180 -1
4185 0
4185 0
4185 -1
4190 0
4190 0
4190 -1
4195 0
4195 0
4195 -1
4200 0
4200 0
4200 -1
4205 0
4205 0
4205 -1
4210 0
4210 0
4210 -1
4215 0
4215 0
4215 -1
4220 0
4220 0
4220 -1
4225 0
4225 0
4225 -1
4230 0
4230 0
4230 -1
4235 0
4235 0
4235 -1
4240 0
4240 0
4240 -1
4245 0
4245 0
4245 -1
4250 0
4250 0
4250 -1
4255 0
4255 0
4255 26
4260 0
4260 0
4260 -1
4265 0
4265 0
4265 -1
4270 0
4270 0
4270 -1
4275 0
4275 0
4275 -1
4280 0
4280 0
4280 -1
4285 0
4285 0
4285 -1
4290 0
4290 0
4290 -1
4295 0
4295 0
4295 -1
4300 0
4300 0
4300 -1
4305 0
4305 0
4305 -1
4310 0
4310 0
4310 -1
4315 0
4315 0
4315 -1
4320 0
4320 0
4320 -1
4325 0
4325 0
4325 -1
4330 0
4330 0
4330 -1
4335 0
4335 0
4335 -1
4340 0
4340 0
4340 -1
4345 0
4345 0
4345 -1
4350 0
4350 0
4350 -1
4355 0
4355 0
4355 -1
4360 0
4360 0
4360 -1
4365 0
4365 0
4365 -1
4370 0
4370 0
4370 -1
4375 0
4375 0
4375 -1
4380 0
4380 0
4380 -1
4385 0
4385 0
4385 -1
4390 0
4390 0
4390 -1
4395 0
4395 0
4395 -1
4400 0
4400 0
4400 -1
4405 0
4405 0
4405 -1
4410 0
4410 0
4410 -1
4415 0
4415 0
4415 -1
4420 0
4420 0
4420 -1
4425 0
4425 0
4425 -1
4430 0
4430 0
4430 -1
4435 0
4435 0
4435 -1
4440 0
4440 0
4440 -1
4445 0
4445 0
4445 -1
4450 0
4450 0
4450 -1
4455 0
4455 0
4455 26
4460 0
4460 0
4460 -1
4465 0
4465 0
4465 -1
4470 0
4470 0
4470 -1
4475 0
4475 0
4475 -1
4480 0
4480 0
4480 -1
4485 0
4485 0
4485 -1
4490 0
4490 0
4490 -1
4495 0
4495 0
4495 -1
4500 0
4500 0
4500 -1
4505 0
4505 0
4505 -1
4510 0
4510 0
4510 -1
4515 0
4515 0
4515 -1
4520 0
4520 0
4520 -1
4525 0
4525 0
4525 -1
4530 0
4530 0
4530 -1
4535 0
4535 0
4535 -1
4540 0
4540 0
4540 -1
4545 0
4545 0
4545 -1
4550 0
4550 0
4550 -1
4555 0
4555 0
4555 -1
4560 0
4560 0
4560 -1
4565 0
4565 0
4565 -1
4570 0
4570 0
4570 -1
4575 0
4575 0
4575 -1
4580 0
4580 0
4580 -1
4585 0
4585 0
4585 -1
4590 0
4590 0
4590 -1
4595 0
4595 0
4595 -1
4600 0
4600 0
4600 -1
4605 0
4605 0
4605 -1
4610 0
4610 0
4610 -1
4615 0
4615 0
4615 -1
4620 0
4620 0
4620 -1
4625 0
4625 0
4625 -1
4630 0
4630 0
4630 -1
4635 0
4635 0
4635 -1
4640 0
4640 0
4640 -1
4645 0
4645 0
4645 -1
4650 0
4650 0
4650 -1
4655 0
4655 0
4655 26
4660 0
4660 0
4660 -1
4665 0
4665 0
4665 -1
4670 0
4670 0
4670 -1
4675 0
4675 0
4675 -1
4680 0
4680 0
4680 -1
4685 0
4685 0
4685 -1
4690 0
4690 0
4690 -1
4695 0
4695 0
4695 -1
4700 0
4700 0
4700 -1
4705 0
4705 0
4705 -1
4710 0
4710 0
4710 -1
4715 0
4715 0
4715 -1
4720 0
4720 0
4720 -1
4725 0
4725 0
4725 -1
4730 0
4730 0
4730 -1
4735 0
4735 0
4735 -1
4740 0
4740 0
4740 -1
4745 0
4745 0
4745 -1
4750 0
4750 0
4750 -1
4755 0
4755 0
4755 -1
4760 0
4760 0
4760 -1
4765 0
4765 0
4765 -1
4770 0
4770 0
4770 -1
4775 0
4775 0
4775 -1
4780 0
4780 0
4780 -1
4785 0
4785 0
4785 -1
4790 0
4790 0
4790 -1
4795 0
4795 0
4795 -1
4800 0
4800 0
4800 -1
4805 0
4805 0
4805 -1
4810 0
4810 0
4810 -1
4815 0
4815 0
4815 -1
4820 0
4820 0
4820 -1
4825 0
4825 0
4825 -1
4830 0
4830 0
4830 -1
4835 0
4835 0
4835 -1
4840 0
4840 0
4840 -1
4845 0
4845 0
4845 -1
4850 0
4850 0
4850 -1
4855 0
4855 0
4855 26
4860 0
4860 0
4860 -1
4865 0
4865 0
4865 -1
4870 0
4870 0
4870 -1
4875 0
4875 0
4875 -1
4880 0
4880 0
4880 -1
4885 0
4885 0
4885 -1
4890 0
4890 0
4890 -1
4895 0
4895 0
4895 -1
4900 0
4900 0
4900 -1
4905 0
4905 0
4905 -1
4910 0
4910 0
4910 -1
4915 0
4915 0
4915 -1
4920 0
4920 0
4920 -1
4925 0
4925 0
4925 -1
4930 0
4930 0
4930 -1
4935 0
4935 0
4935 -1
4940 0
4940 0
4940 -1
4945 0
4945 0
4945 -1
4950 0
4950 0
4950 -1
4955 0
4955 0
4955 -1
4960 0
4960 0
4960 -1
4965 0
4965 0
4965 -1
4970 0
4970 0
4970 -1
4975 0
4975 0
4975 -1
4980 0
4980 0
4980 -1
4985 0
4985 0
4985 -1
4990 0
4990 0
4990 -1
4995 0
4995 0
4995 -1
5000 0
5000 0
5000 -1
5005 0
5005 0
5005 -1
5010 0
5010 0
5010 -1
5015 0
5015 0
5015 -1
5020 0
5020 0
5020 -1
5025 0
5025 0
5025 -1
5030 0
5030 0
5030 -1
5035 0
5035 0
5035 -1
5040 0
5040 0
5040 -1
5045 0
5045 0
5045 -1
5050 0
5050 0
5050 -1
5055 0
5055 0
5055 26
5060 0
5060 0
5060 -1
5065 0
5065 0
5065 -1
5070 0
5070 0
5070 -1
5075 0
5075 0
5075 -1
5080 0
5080 0
5080 -1
5085 0
5085 0
5085 -1
5090 0
5090 0
5090 -1
5095 0
5095 0
5095 -1
5100 0
5100 0
5100 -1
5105 0
5105 0
5105 -1
5110 0
5110 0
5110 -1
5115 0
5115 0
5115 -1
5120 0
5120 0
5120 -1
5125 0
5125 0
5125 -1
5130 0
5130 0
5130 -1
5135 0
5135 0
5135 -1
5140 0
5140 0
5140 -1
5145 0
5145 0
5145 -1
5150 0
5150 0
5150 -1
5155 0
5155 0
5155 -1
5160 0
5160 0
5160 -1
5165 0
5165 0
5165 -1
5170 0
5170 0
5170 -1
5175 0
5175 0
5175 -1
5180 0
5180 0
5180 -1
5185 0
5185 0
5185 -1
5190 0
5190 0
5190 -1
5195 0
5195 0
5195 -1
5200 0
5200 0
5200 -1
5205 0
5205 0
5205 -1
5210 0
5210 0
5210 -1
5215 0
5215 0
5215 -1
5220 0
5220 0
5220 -1
5225 0
5225 0
5225 -1
5230 0
5230 0
5230 -1
5235 0
5235 0
5235 -1
5240 0
5240 0
5240 -1
5245 0
5245 0
5245 -1
5250 0
5250 0
5250 -1
5255 0
5255 0
5255 26
5260 0
5260 0
5260 -1
5265 0
5265 0
5265 -1
5270 0
5270 0
5270 -1
5275 0
5275 0
5275 -1
5280 0
5280 0
5280 -1
5285 0
5285 0
5285 -1
5290 0
5290 0
5290 -1
5295 0
5295 0
5295 -1
5300 0
5300 0
5300 -1
5305 0
5305 0
5305 -1
5310 0
5310 0
5310 -1
5315 0
5315 0
5315 -1
5320 0
5320 0
5320 -1
5325 0
5325 0
5325 -1
5330 0
5330 0
5330 -1
5335 0
5335 0
5335 -1
5340 0
5340 0
5340 -1
5345 0
5345 0
5345 -1
5350 0
5350 0
5350 -1
5355 0
5355 0
5355 -1
5360 0
5360 0
5360 -1
5365 0
5365 0
5365 -1
5370 0
5370 0
5370 -1
5375 0
5375 0
5375 -1
5380 0
5380 0
5380 -1
5385 0
5385 0
5385 -1
5390 0
5390 0
5390 -1
5395 0
5395 0
5395 -1
5400 0
5400 0
5400 -1
5405 0
5405 0
5405 -1
5410 0
5410 0
5410 -1
5415 0
5415 0
5415 -1
5420 0
5420 0
5420 -1
5425 0
5425 0
5425 -1
5430 0
5430 0
5430 -1
5435 0
5435 0
5435 -1
5440 0
5440 0
5440 -1
5445 0
5445 0
5445 -1
5450 0
5450 0
5450 -1
5455 0
5455 0
5455 26
5460 0
5460 0
5460 -1
5465 0
5465 0
5465 -1
5470 0
5470 0
5470 -1
5475 0
5475 0
5475 -1
5480 0
5480 0
5480 -1
5485 0
5485 0
5485 -1
5490 0
5490 0
5490 -1
5495 0
5495 0
5495 -1
5500 0
5500 0
5500 -1
5505 0
5505 0
5505 -1
5510 0
5510 0
5510 -1
5515 0
5515 0
5515 -1
5520 0
5520 0
5520 -1
5525 0
5525 0
5525 -1
5530 0
5530 0
5530 -1
5535 0
5535 0
5535 -1
5540 0
5540 0
5540 -1
5545 0
5545 0
5545 -1
5550 0
5550 0
5550 -1
5555 0
5555 0
5555 -1
5560 0
5560 0
5560 -1
5565 0
5565 0
5565 -1
5570 0
5570 0
5570 -1
5575 0
5575 0
5575 -1
5580 0
5580 0
5580 -1
5585 0
5585 0
5585 -1
5590 0
5590 0
5590 -1
5595 0
5595 0
5595 -1
5600 0
5600 0
5600 -1
5605 0
5605 0
5605 -1
5610 0
5610 0
5610 -1
5615 0
5615 0
5615 -1
5620 0
5620 0
5620 -1
5625 0
5625 0
5625 -1
5630 0
5630 0
5630 -1
5635 0
5635 0
5635 -1
5640 0
5640 0
5640 -1
5645 0
5645 0
5645 -1
5650 0
5650 0
5650 -1
5655 0
5655 0
5655 26
5660 0
5660 0
5660 -1
5665 0
5665 0
5665 -1
5670 0
5670 0
5670 -1
5675 0
5675 0
5675 -1
5680 0
5680 0
5680 -1
5685 0
5685 0
5685 -1
5690 0
5690 0
5690 -1
5695 0
5695 0
5695 -1
5700 0
5700 0
5700 -1
5705 0
5705 0
5705 -1
5710 0
5710 0
5710 -1
5715 0
5715 0
5715 -1
5720 0
5720 0
5720 -1
5725 0
5725 0
5725 -1
5730 0
5730 0
5730 -1
5735 0
5735 0
5735 -1
5740 0
5740 0
5740 -1
5745 0
5745 0
5745 -1
5750 0
5750 0
5750 -1
5755 0
5755 0
5755 -1
5760 0
5760 0
5760 -1
5765 0
5765 0
5765 -1
5770 0
5770 0
5770 -1
5775 0
5775 0
5775 -1
5780 0
5780 0
5780 -1
5785 0
5785 0
5785 -1
5790 0
5790 0
5790 -1
5795 0
5795 0
5795 -1
5800 0
5800 0
5800 -1
5805 0
5805 0
5805 -1
5810 0
5810 0
5810 -1
5815 0
5815 0
5815 -1
5820 0
5820 0
5820 -1
5825 0
5825 0
5825 -1
5830 0
5830 0
5830 -1
5835 0
5835 0
5835 -1
5840 0
5840 0
5840 -1
5845 0
5845 0
5845 -1
5850 0
5850 0
5850 -1
5855 0
5855 0
5855 26
5860 0
5860 0
5860 -1
5865 0
5865 0
5865 -1
5870 0
5870 0
5870 -1
5875 0
5875 0
5875 -1
5880 0
5880 0
5880 -1
5885 0
5885 0
5885 -1
5890 0
5890 0
5890 -1
5895 0
5895 0
5895 -1
5900 0
5900 0
5900 -1
5905 0
5905 0
5905 -1
5910 0
5910 0
5910 -1
5915 0
5915 0
5915 -1
5920 0
5920 0
5920 -1
5925 0
5925 0
5925 -1
5930 0
5930 0
5930 -1
5935 0
5935 0
5935 -1
5940 0
5940 0
5940 -1
5945 0
5945 0
5945 -1
5950 0
5950 0
5950 -1
5955 0
5955 0
5955 -1
5960 0
5960 0
5960 -1
5965 0
5965 0
5965 -1
5970 0
5970 0
5970 -1
5975 0
5975 0
5975 -1
5980 0
5980 0
5980 -1
5985 0
5985 0
5985 -1
5990 0
5990 0
5990 -1
5995 0
5995 0
5995 -1
